9
6
0
8
7
9
10
7
13
8
20
9
11
9
11
10
23
8
9
26
6
13
8
6
7
10
4
26
13
10
0
63
21
40
3
7
29
9
6
16
0
12
24
0
11
36
9
10
19
4
12
3
7
8
7
29
2
2
0
11
12
11
7
13
7
11
11
10
29
63
23
9
2
11
7
0
9
7
8
10
0
4
10
0
0
6
20
13
8
2
0
7
22
20
1
25
11
0
0
3
18
9
28
20
7
27
12
36
70
6
7
9
0
12
17
12
9
4
24
10
18
10
10
7
9
10
8
10
10
6
6
11
10
9
9
9
12
6
12
9
10
14
9
6
10
0
0
0
7
3
10
7
22
9
15
20
34
3
7
9
0
11
25
7
0
8
5
19
7
0
10
9
14
0
10
9
3
11
11
13
9
7
7
9
8
3
24
10
10
9
10
0
7
17
6
9
9
9
10
33
5
11
9
8
12
10
13
16
8
18
0
8
0
15
15
10
12
10
12
63
8
10
8
0
6
3
0
32
0
6
0
27
0
23
0
16
28
0
30
6
5
27
12
8
9
8
11
8
40
9
11
10
9
40
13
9
13
13
9
41
64
9
7
2
15
11
15
0
0
25
8
8
1
12
37
22
25
8
38
6
2
2
13
12
53
7
17
15
9
0
8
0
9
13
0
16
12
14
7
12
9
17
15
15
9
7
15
7
22
10
8
15
9
8
9
15
7
9
6
0
20
0
46
12
7
7
9
11
7
9
4
0
6
20
8
13
8
9
12
11
4
0
17
11
11
17
35
13
0
20
0
13
11
0
0
7
27
11
9
11
0
7
10
28
11
2
7
9
23
9
32
16
12
12
0
8
9
7
0
3
8
14
8
11
9
6
7
12
9
26
17
11
9
11
37
0
0
5
6
7
0
8
8
11
9
13
10
5
18
0
0
10
14
10
8
28
45
7
0
8
0
10
9
14
0
9
16
15
10
13
0
8
12
9
10
10
9
12
9
17
0
22
42
28
9
34
8
10
0
9
7
10
30
13
8
9
16
11
8
12
0
7
47
0
52
8
7
35
0
7
0
10
13
12
5
13
10
17
19
7
0
7
10
8
29
18
9
11
43
12
16
12
0
5
19
5
9
0
21
23
11
6
8
22
8
14
7
11
10
8
0
10
31
7
7
9
16
14
8
17
32
9
12
14
15
12
13
7
28
11
15
12
7
9
11
34
11
10
11
8
17
14
28
6
7
13
9
17
10
11
17
9
28
0
16
22
17
19
0
10
33
0
8
8
8
23
7
8
6
12
9
12
7
8
11
1
16
0
8
11
8
12
11
9
32
8
0
11
11
9
22
9
11
9
8
10
13
13
16
10
12
4
3
7
14
7
0
5
0
12
0
12
18
10
34
0
38
34
10
25
23
7
10
29
12
7
6
13
4
8
10
11
15
9
9
17
7
15
10
20
9
14
10
6
3
13
5
10
7
11
8
14
6
10
0
48
10
11
0
11
12
27
8
8
7
20
11
9
10
3
13
9
11
11
0
0
14
9
8
13
38
7
12
10
11
9
9
0
10
15
22
8
8
2
4
0
6
10
9
7
12
0
8
7
11
19
10
11
27
10
22
10
11
6
7
10
8
16
12
6
11
13
17
9
14
3
8
9
69
10
5
10
0
15
40
47
51
49
58
47
48
28
44
44
36
45
36
98
57
41
73
61
64
53
40
44
77
105
175
190
233
264
298
334
376
406
455
491
536
546
600
626
653
680
717
760
789
809
843
879
921
931
970
998
1043
1063
1098
1127
1164
1236
1227
1254
1291
1332
1352
1405
1420
1477
1474
1506
1565
1565
1589
1619
1626
1672
1701
1721
1744
1780
1798
1834
1877
1886
1893
1962
1946
1979
1993
2011
2046
2079
2071
2114
2112
2135
2155
2176
2196
2230
2238
2257
2277
2317
2319
2327
2353
2403
2397
2409
2428
2455
2464
2514
2512
2517
2555
2557
2582
2593
2635
2626
2638
2658
2672
2679
2702
2723
2726
2755
2768
2798
2783
2802
2810
2827
2869
2875
2870
2895
2903
2917
2914
2923
2944
2954
2968
2971
2996
3014
3003
3032
3031
3035
3052
3064
3069
3082
3094
3100
3107
3147
3141
3141
3151
3162
3169
3182
3190
3236
3233
3212
3221
3241
3250
3247
3261
3274
3271
3282
3290
3305
3302
3340
3315
3327
3332
3342
3352
3354
3362
3375
3376
3380
3387
3378
3405
3404
3414
3422
3420
3431
3438
3441
3472
3453
3482
3472
3470
3476
3495
3490
3493
3493
3502
3504
3506
3528
3519
3526
3529
3545
3531
3539
3548
3531
3580
3553
3576
3576
3572
3571
3573
3585
3578
3589
3584
3610
3596
3614
3597
3602
3610
3631
3614
3624
3630
3627
3619
3631
3649
3655
3635
3641
3642
3651
3651
3653
3661
3660
3664
3664
3671
3670
3678
3679
3680
3674
3691
3699
3687
3695
3692
3691
3698
3694
3712
3713
3708
3707
3715
3721
3719
3719
3729
3725
3728
3712
3729
3731
3732
3741
3735
3771
3744
3742
3739
3748
3747
3753
3761
3752
3752
3750
3762
3765
3769
3758
3774
3747
3760
3779
3782
3766
3787
3785
3786
3776
3773
3777
3774
3773
3786
3781
3777
3813
3784
3782
3787
3791
3803
3787
3802
3795
3806
3812
3816
3797
3792
3798
3815
3796
3797
3829
3813
3800
3802
3803
3809
3808
3843
3841
3815
3817
3814
3826
3842
3813
3812
3819
3826
3814
3815
3841
3821
3841
3823
3817
3817
3818
3842
3816
3842
3831
3825
3822
3823
3835
3829
3830
3839
3842
3832
3846
3825
3830
3832
3830
3851
3819
3831
3836
3831
3836
3831
3834
3841
3867
3828
3844
3849
3847
3832
3847
3852
3857
3869
3852
3843
3867
3842
3842
3842
3843
3842
3842
3851
3843
3846
3844
3841
3846
3861
3847
3871
3844
3850
3872
3846
3853
3858
3851
3851
3845
3855
3851
3852
3851
3868
3857
3852
3858
3858
3860
3867
3859
3856
3854
3854
3857
3863
3891
3867
3860
3871
3878
3860
3856
3866
3856
3858
3860
3874
3857
3858
3860
3870
3868
3871
3880
3871
3860
3868
3904
3891
3862
3861
3863
3866
3866
3863
3876
3865
3867
3863
3877
3862
3862
3909
3864
3863
3875
3862
3877
3865
3871
3896
3869
3880
3862
3868
3872
3896
3868
3869
3873
3871
3870
3887
3890
3883
3881
3873
3872
3885
3874
3881
3868
3879
3886
3872
3876
3876
3872
3883
3878
3875
3879
3875
3889
3897
3878
3875
3892
3877
3875
3889
3894
3874
3873
3883
3882
3895
3895
3877
3886
3878
3881
3877
3881
3876
3884
3883
3881
3888
3878
3876
3894
3880
3882
3898
3886
3897
3907
3888
3893
3913
3903
3875
3890
3874
3883
3883
3886
3882
3881
3882
3881
3893
3879
3877
3887
3885
3887
3894
3886
3885
3883
3883
3906
3889
3902
3884
3886
3884
3889
3879
3883
3890
3915
3882
3884
3889
3898
3905
3888
3885
3888
3886
3916
3893
3884
3881
3883
3887
3886
3896
3901
3891
3884
3887
3891
3895
3889
3893
3890
3899
3919
3883
3893
3913
3896
3886
3893
3887
3900
3886
3888
3887
3917
3887
3896
3884
3893
3884
3911
3885
3893
3885
3903
3892
3894
3904
3891
3889
3892
3895
3888
3893
3903
3909
3897
3891
3892
3902
3901
3906
3909
3891
3888
3908
3914
3901
3898
3891
3890
3907
3892
3899
3890
3898
3893
3895
3887
3907
3901
3893
3902
3895
3889
3890
3912
3896
3897
3895
3894
3896
3910
3911
3916
3901
3895
3901
3898
3903
3898
3896
3924
3920
3895
3896
3881
3897
3896
3901
3896
3897
3903
3893
3896
3896
3924
3894
3916
3906
3934
3919
3894
3899
3893
3911
3899
3904
3898
3908
3909
3906
3899
3909
3900
3902
3913
3897
3902
3898
3900
3904
3900
3897
3903
3907
3900
3902
3913
3916
3929
3913
3898
3909
3897
3899
3934
3913
3898
3902
3923
3908
3910
3902
3900
3906
3903
3899
3904
3896
3905
3903
3902
3905
3903
3913
3900
3901
3914
3911
3904
3930
3898
3904
3905
3900
3907
3900
3904
3894
3904
3941
3899
3906
3910
3926
3902
3911
3906
3905
3906
3908
3907
3917
3908
3911
3907
3906
3912
3897
3905
3902
3936
3911
3904
3900
3891
3928
3905
3903
3910
3903
3903
3902
3906
3930
3914
3927
3907
3904
3927
3904
3910
3907
3907
3908
3906
3907
3918
3906
3912
3916
3922
3910
3909
3939
3899
3920
3908
3906
3908
3907
3906
3921
3908
3909
3906
3914
3918
3908
3923
3906
3913
3907
3923
3926
3918
3905
3923
3909
3928
3912
3913
3917
3911
3909
3907
3940
3906
3909
3909
3908
3929
3919
3922
3906
3909
3911
3903
3929
3910
3943
3910
3910
3909
3922
3905
3915
3914
3919
3931
3914
3911
3914
3925
3902
3927
3909
3908
3923
3911
3909
3908
3926
3917
3925
3910
3913
3915
3933
3924
3924
3923
3909
3914
3907
3914
3936
3910
3911
3919
3925
3914
3918
3916
3912
3913
3917
3908
3916
3931
3925
3915
3922
3912
3915
3924
3916
3914
3917
3942
3910
3941
3915
3907
3933
3917
3920
3927
3925
3913
3928
3916
3915
3915
3920
3911
3913
3923
3918
3942
3911
3915
3933
3919
3918
3929
3916
3922
3930
3921
3914
3925
3917
3948
3917
3916
3912
3919
3915
3916
3941
3924
3920
3932
3916
3916
3915
3921
3919
3917
3920
3952
3929
3919
3918
3918
3925
3931
3919
3938
3929
3924
3916
3941
3917
3925
3936
3918
3921
3925
3918
3919
3950
3922
3922
3915
3919
3918
3929
3942
3919
3924
3928
3920
3928
3915
3919
3957
3927
3917
3926
3928
3917
3939
3928
3938
3925
3930
3930
3941
3921
3921
3940
3926
3920
3918
3922
3934
3919
3932
3920
3928
3919
3926
3945
3918
3914
3925
3920
3921
3922
3922
3919
3928
3928
3921
3936
3920
3920
3922
3935
3930
3919
3923
3925
3927
3924
3921
3915
3919
3922
3924
3932
3925
3940
3924
3923
3936
3922
3915
3940
3933
3917
3922
3926
3957
3923
3920
3952
3925
3923
3921
3920
3933
3930
3925
3973
3920
3936
3927
3920
3925
3925
3941
3924
3952
3922
3921
3921
3939
3914
3929
3921
3926
3925
3922
3934
3929
3929
3944
3929
3950
3938
3924
3924
3923
3919
3922
3919
3932
3923
3971
3929
3925
3927
3930
3928
3922
3923
3922
3928
3921
3950
3921
3933
3924
3925
3925
3938
3929
3927
3945
3935
3939
3928
3925
3931
3923
3927
3936
3930
3937
3921
3927
3935
3925
3932
3922
3927
3924
3928
3923
3935
3955
3927
3938
3928
3936
3928
3925
3935
3927
3933
3943
3924
3928
3930
3931
3924
3944
3934
3929
3926
3922
3926
3927
3926
3921
3931
3931
3936
3932
3927
3936
3929
3920
3932
3925
3940
3927
3927
3925
3929
3924
3926
3932
3941
3931
3944
3935
3935
3943
3945
3922
3930
3928
3944
3936
3942
3928
3936
3946
3934
3933
3974
3933
3928
3933
3932
3934
3970
3927
3971
3929
3935
3956
3928
3932
3943
3928
3927
3932
3939
3933
3930
3926
3947
3928
3932
3926
3926
3936
3934
3929
3924
3950
3927
3933
3930
3934
3929
3958
3931
3936
3931
3928
3925
3927
3935
3940
3940
3933
3931
3925
3959
3928
3929
3926
3929
3956
3926
3925
3945
3923
3929
3932
3967
3945
3928
3930
3956
3928
3925
3938
3940
3954
3942
3930
3937
3925
3928
3932
3931
3930
3937
3935
3928
3936
3945
3930
3935
3930
3940
3945
3928
3953
3926
3929
3950
3935
3933
3930
3931
3932
3938
3931
3949
3926
3932
3929
3933
3944
3930
3933
3962
3934
3932
3929
3963
3932
3932
3933
3933
3948
3945
3934
3939
3934
3934
3933
3934
3932
3951
3941
3933
3931
3935
3929
3932
3935
3935
3937
3945
3935
3943
3947
3933
3933
3932
3956
3951
3947
3937
3931
3951
3954
3944
3939
3935
3939
3931
3937
3940
3931
3954
3936
3929
3939
3941
3935
3951
3946
3933
3935
3954
3938
3934
3944
3938
3935
3940
3943
3934
3933
3934
3945
3934
3937
3937
3950
3936
3934
3933
3939
3933
3933
3938
3933
3928
3937
3936
3933
3941
3959
3928
3945
3929
3933
3941
3942
3935
3932
3957
3943
3932
3935
3936
3933
3932
3950
3936
3927
3931
3946
3929
3944
3936
3933
3953
3931
3937
3931
3933
3922
3931
3937
3931
3932
3934
3931
3941
3940
3953
3925
3932
3930
3932
3933
3932
3934
3933
3941
3929
3926
3952
3931
3927
3930
3938
3938
3939
3930
3929
3942
3935
3930
3929
3946
3928
3929
3928
3954
3935
3931
3926
3932
3935
3936
3946
3934
3941
3933
3946
3941
3933
3930
3935
3940
3936
3934
3931
3938
3948
3931
3925
3925
3928
3925
3935
3931
3931
3930
3940
3928
3940
3927
3935
3941
3929
3960
3933
3926
3929
3930
3928
3928
3929
3956
3930
3948
3930
3924
3927
3924
3936
3939
3928
3940
3929
3928
3929
3948
3930
3933
3933
3947
3929
3933
3933
3929
3931
3926
3929
3927
3931
3924
3938
3924
3927
3929
3956
3938
3941
3935
3932
3929
3928
3933
3939
3955
3931
3943
3935
3930
3932
3930
3927
3929
3931
3932
3946
3935
3956
3937
3931
3935
3933
3925
3944
3937
3932
3923
3941
3961
3930
3926
3926
3931
3932
3943
3929
3926
3931
3932
3930
3929
3927
3944
3931
3928
3929
3929
3942
3938
3936
3928
3928
3953
3927
3924
3933
3940
3931
3951
3931
3935
3943
3930
3930
3929
3928
3931
3926
3926
3940
3929
3929
3944
3940
3942
3929
3929
3929
3939
3947
3934
3935
3935
3927
3928
3938
3940
3926
3927
3934
3933
3926
3957
3934
3940
3936
3957
3936
3949
3939
3926
3933
3943
3935
3956
3930
3927
3926
3928
3927
3929
3931
3937
3936
3932
3935
3947
3935
3929
3929
3929
3929
3928
3929
3930
3943
3949
3932
3935
3928
3922
3931
3931
3934
3931
3935
3931
3933
3951
3950
3948
3930
3935
3939
3931
3959
3946
3939
3934
3936
3950
3934
3937
3932
3931
3937
3967
3942
3954
3949
3952
3933
3936
3938
3931
3937
3928
3931
3932
3947
3930
3939
3936
3931
3928
3929
3934
3936
3933
3933
3932
3948
3949
3931
3936
3948
3960
3930
3932
3931
3934
3932
3940
3937
3955
3940
3947
3942
3930
3934
3928
3936
3931
3930
3978
3938
3938
3936
3942
3944
3935
3931
3934
3943
3929
3934
3931
3937
3943
3932
3941
3945
3928
3935
3951
3935
3929
3939
3934
3930
3963
3931
3932
3941
3936
3937
3952
3933
3962
3934
3939
3935
3946
3933
3935
3935
3937
3929
3931
3950
3941
3943
3945
3945
3934
3932
3949
3932
3933
3929
3930
3936
3941
3959
3944
3942
3932
3932
3933
3948
3938
3943
3932
3945
3944
3936
3933
3956
3943
3944
3936
3945
3932
3934
3939
3932
3940
3931
3959
3934
3929
3959
3944
3931
3931
3934
3944
3931
3962
3954
3936
3938
3936
3933
3934
3927
3936
3937
3938
3934
3938
3939
3954
3934
3930
3940
3935
3932
3931
3934
3935
3936
3937
3934
3949
3951
3945
3965
3941
3938
3943
3931
3934
3936
3947
3938
3936
3936
3947
3955
3941
3940
3930
3968
3937
3952
3936
3950
3931
3953
3928
3937
3941
3947
3948
3943
3938
3979
3944
3941
3958
3944
3954
3938
3945
3936
3940
3937
3941
3936
3935
3934
3938
3939
3933
3936
3941
3940
3953
3949
3955
3944
3944
3953
3943
3935
3933
3951
3947
3947
3940
3948
3959
3939
3936
3956
3939
3935
3938
3939
3941
3938
3956
3965
3965
3965
3936
3939
3945
3955
3939
3933
3940
3940
3943
3941
3956
3938
3945
3948
3940
3970
3938
3963
3942
3956
3957
3978
3945
3967
3939
3951
3942
3948
3956
3942
3940
3940
3955
3941
3938
3924
3928
3963
3956
3969
3935
3936
3943
3956
3941
3961
3940
3952
3941
3941
3947
3940
3939
3951
3940
3960
3941
3954
3937
3936
3939
3954
3941
3941
3941
3945
3942
3957
3947
3954
3938
3944
3956
3942
3946
3946
3955
3943
3953
3938
3938
3943
3963
3944
3939
3945
3946
3957
3950
3944
3944
3942
3961
3941
3951
3934
3941
3972
3937
3938
3941
3962
3953
3945
3940
3942
3947
3958
3940
3941
3980
3946
3957
3945
3945
3952
3937
3964
3943
3939
3943
3942
3950
3950
3952
3944
3943
3943
3943
3938
3940
3941
3944
3938
3973
3940
3944
3943
3942
3941
3951
3960
3941
3937
3941
3943
3945
3944
3939
3950
3944
3944
3938
3932
3955
3939
3939
3939
3939
3957
3939
3939
3937
3938
3942
3948
3967
3955
3948
3944
3943
3960
3948
3943
3954
3947
3970
3944
3949
3945
3942
3971
3936
3941
3945
3937
3940
3938
3949
3946
3952
3956
3945
3958
3940
3940
3940
3941
3939
3937
3941
3956
3941
3941
3940
3942
3949
3942
3937
3951
3942
3953
3940
3957
3959
3956
3941
3938
3937
3940
3941
3946
3944
3942
3942
3941
3958
3952
3937
3940
3952
3942
3953
3963
3950
3940
3938
3943
3939
3938
3949
3933
3941
3952
3941
3939
3945
3941
3948
3945
3941
3941
3940
3944
3972
3957
3949
3974
3942
3939
3952
3946
3933
3941
3941
3941
3970
3949
3943
3947
3957
3942
3944
3961
3936
3940
3943
3943
3938
3969
3940
3953
3941
3944
3944
3957
3954
3940
3946
3946
3942
3948
3947
3938
3945
3942
3944
3942
3976
3943
3941
3937
3962
3950
3940
3942
3957
3943
3951
3959
3941
3949
3951
3943
3955
3942
3953
3941
3967
3964
3943
3964
3941
3945
3973
3945
3963
3955
3946
3954
3949
3956
3974
3940
3941
3940
3945
3955
3949
3963
3944
3943
3942
3950
3954
3945
3943
3967
3948
3948
3943
3927
3955
3950
3949
3938
3951
3957
3945
3947
3967
3953
3971
3952
3974
3945
3974
3950
3931
3950
3945
3955
3968
3948
3959
3953
3952
3945
3967
3948
3970
3956
3950
3946
3945
3965
3957
3944
3948
3947
3941
3948
3961
3950
3945
3941
3946
3958
3949
3941
3952
3953
3952
3945
3940
3945
3941
3945
3992
3948
3949
3946
3954
3951
3949
3939
3943
3954
3955
3956
3950
3947
3948
3950
3945
3955
3951
3944
3943
3955
3941
3941
3945
3942
3945
3956
3950
3943
3945
3959
3944
3954
3944
3945
3956
3949
3952
3971
3946
3937
3974
3946
3948
3945
3946
3943
3948
3962
3946
3944
3964
3942
3945
3953
3947
3945
3946
3944
3947
3951
3976
3942
3963
3950
3947
3944
3962
3949
3946
3943
3948
3947
3948
3949
3950
3949
3943
3960
3941
3943
3942
3959
3943
3944
3945
3944
3942
3963
3943
3944
3944
3950
3952
3955
3944
3949
3947
3958
3956
3944
3952
3941
3950
3943
3963
3946
3946
3943
3946
3953
3967
3947
3945
3946
3962
3948
3951
3956
3965
3946
3947
3941
3928
3948
3945
3942
3948
3950
3951
3952
3931
3964
3948
3950
3949
3950
3940
3944
3944
3939
3949
3945
3941
3950
3949
3957
3951
3950
3947
3947
3948
3944
3950
3939
3945
3948
3957
3943
3962
3949
3947
3947
3960
3968
3946
3955
3977
3946
3944
3943
3957
3947
3955
3977
3958
3948
3945
3951
3946
3943
3942
3960
3954
3949
3943
3955
3952
3949
3956
3963
3951
3947
3947
3947
3950
3950
3959
3950
3946
3956
3945
3943
3952
3951
3970
3955
3947
3950
3946
3947
3948
3945
3966
3948
3948
3958
3959
3946
3957
3956
3954
3951
3948
3954
3948
3945
3944
3960
3967
3946
3946
3958
3953
3949
3946
3951
3946
3963
3946
3974
3952
3953
3960
3954
3954
3948
3945
3949
3953
3972
3962
3993
3947
3945
3946
3956
3953
3945
3946
3974
3949
3950
3974
3949
3951
3946
3952
3946
3959
3949
3959
3958
3948
3947
3967
3949
3976
3948
3969
3954
3947
3958
3980
3943
3971
3947
3944
3944
3955
3956
3947
3951
3946
3959
3956
3963
3948
3947
3957
3946
3970
3951
3951
3960
3947
3975
3946
3956
3948
3956
3946
3952
3951
3948
3950
3949
3943
3948
3945
3950
3952
3952
3964
3981
3943
3955
3955
3959
3950
3960
3948
3952
3941
3952
3950
3959
3959
3950
3949
3955
3947
3973
3945
3953
3950
3954
3962
3968
3967
3942
3947
3951
3947
3947
3951
3950
3950
3969
3962
3955
3945
3949
3942
3959
3953
3975
3965
3974
3957
3969
3959
3950
3958
3947
3968
3975
3948
3947
3954
3951
3947
3945
3957
3950
3946
3950
3956
3950
3964
3955
3952
3950
3959
3946
3948
3974
3963
3979
3961
3969
3957
3952
3968
3949
3947
3971
3963
3950
3947
3953
3953
3979
3951
3966
3948
3940
3953
3946
3950
3958
3968
3956
3949
3952
3961
3953
3951
3964
3953
3964
3972
3950
3947
3974
3949
3951
3960
3963
3964
3946
3949
3962
3957
3968
3975
3966
3958
3971
3952
3949
3961
3954
3950
3956
3951
3967
3960
3951
3962
3953
3951
3964
3964
3952
3960
3955
3952
3950
3961
3947
3959
3952
3949
3961
3945
3945
3956
3980
3957
3951
3955
3953
3975
3943
3965
3953
3955
3965
3954
3941
3962
3959
3956
3963
3946
3945
3949
3954
3954
3952
3951
3948
3945
3947
3964
3954
3957
3953
3948
3960
3957
3952
3969
3949
3950
3952
3950
3950
3951
3958
3950
3957
3943
3947
3951
3964
3982
3975
3950
3948
3963
3951
3950
3951
3950
3955
3962
3962
3948
3965
3948
3959
3953
3952
3952
3965
3952
3957
3956
3952
3949
3970
3962
3954
3944
3964
3949
3956
3947
3958
3949
3967
3951
3953
3949
3951
3950
3948
3961
3967
3956
3946
3951
3951
3946
3967
3947
3949
3950
3945
3951
3950
3950
3948
3951
3956
3948
3967
3950
3947
3955
3949
3955
3947
3950
3953
3968
3950
3961
3951
3957
3956
3951
3949
3975
3957
3952
3957
3959
3947
3966
3951
3961
3951
3964
3952
3951
3977
3957
3951
3952
3956
3956
3956
3954
3955
3949
3952
3959
3950
3944
3949
3951
3954
3955
3966
3962
3956
3966
3976
3953
3951
3954
3956
3960
3949
3964
3943
3947
3963
3947
3964
3949
3959
3949
3950
3955
3951
3952
3964
3951
3959
3958
3950
3954
3971
3971
3952
3948
3967
3947
3955
3951
3954
3965
3968
3956
3947
3969
3974
3960
3974
3980
3970
3967
3954
3954
3972
3951
3955
3952
3985
3971
3988
3951
3955
3957
3983
3972
3963
3955
3982
3956
3976
3965
3957
3979
3953
3953
3955
3957
3959
3956
3954
3969
3987
3974
3969
3967
3957
3970
3954
3958
3955
3959
3965
3966
3958
3956
3958
3954
3965
3954
3967
3985
3952
3951
3962
3966
3955
3955
3954
3952
3961
3974
3952
3964
3956
3952
3954
3954
3951
3959
3952
3960
3965
3954
3953
3965
3972
3958
3969
3954
3957
3967
3959
3958
3953
3966
3956
3969
3949
3954
3953
3952
3957
3968
3952
3963
3965
3985
3955
3957
3971
3959
3968
3962
3951
3953
3957
3961
3953
3961
3955
3944
3963
3974
3961
3958
3954
3960
3967
3957
3963
3951
3954
3956
3955
3973
3966
3964
3952
3963
3980
3952
3963
3956
3955
3957
3977
3957
3957
3948
3971
3964
3952
3953
3948
3984
3958
3946
3961
3957
3957
3955
3973
3972
3953
3957
3991
3961
3951
3976
3964
3957
3995
3955
3949
3968
3954
3953
3958
3953
3951
3964
3956
3948
3955
3972
3954
3957
3989
3957
3970
3986
3951
3968
3956
3953
3965
3971
3974
3955
3962
3959
3968
3953
3959
3955
3958
3956
3961
3954
3965
3954
3963
3969
3971
3954
3965
3932
3954
3953
3952
3965
3956
3957
3965
3965
3953
3958
3959
3967
3953
3951
3963
3951
3959
3966
3981
3979
3956
3962
3957
3960
3954
3958
3955
3964
3952
3953
3955
3957
3957
3957
3973
3969
3957
3958
3965
3957
3988
3954
3956
3957
3952
3973
3958
3958
3955
3962
3960
3960
3957
3954
3956
3974
3975
3950
3975
3956
3961
3957
3954
3964
3955
3954
3961
3961
3966
3956
3972
3958
3956
3953
3960
3959
3956
3955
3949
3954
3977
3971
3953
3954
3954
3974
3957
3967
3953
3959
3966
3961
3969
3952
3960
3958
3956
3951
3952
3954
3952
3954
3969
3961
3953
3951
3966
3958
3958
3964
3951
3953
3954
3954
3956
3958
3985
3959
3958
3959
3958
3973
3957
3952
3954
3961
3992
3957
3960
3955
3979
3956
3961
3966
3955
3957
3955
3957
3960
3964
3955
3957
3961
3957
3953
3949
3959
3965
3953
3968
3956
3963
3951
3978
3980
3955
3955
3956
3953
3964
3953
3976
3972
3960
3955
3949
3951
3965
3950
3971
3956
3954
3954
3960
3954
3979
3950
3971
3957
3958
3953
3961
3957
3985
3961
3956
3984
3968
3954
3962
3951
3958
3949
3955
3956
3948
3959
3959
3955
3964
3957
3966
3954
3960
3953
3976
3958
3976
3952
3950
3955
3954
3950
3978
3954
3980
3951
3949
3959
3953
3963
3971
3963
3952
3966
3979
3980
3955
3954
3954
3957
3954
3970
3960
3955
3958
3969
3972
3960
3953
3985
3981
3954
3961
3968
3957
3962
3958
3946
3958
3960
3961
3969
3954
3952
3953
3956
3956
3988
3961
3954
3951
3962
3953
3954
3957
3955
3956
3952
3958
3975
3966
3955
3983
3957
3955
3953
3963
3959
3955
3954
3952
3957
3953
3980
3953
3953
3958
3963
3955
3957
3968
3953
3967
3956
3959
3957
3988
3961
3962
3957
3964
3960
3958
3963
3976
3954
3961
3957
3959
3966
3953
3988
3960
3951
3956
3959
3958
3958
3958
3989
3954
3965
3966
3962
3953
3954
3959
3961
3953
3956
3959
3957
3963
3964
3986
3959
3952
3990
3960
3965
3957
3958
3976
3956
3958
3961
3955
3968
3956
3975
3956
3955
3953
3952
3957
3958
3967
3964
3944
3956
3946
3966
3958
3987
3954
3963
3965
3952
3961
3959
3953
3961
3959
3952
3955
3952
3947
3954
3956
3984
3956
3961
3959
3953
3952
3965
3973
3956
3950
3955
3969
3956
3961
3964
3974
3956
3955
3973
3961
3955
3956
3963
3973
3975
3957
3953
3963
3971
3963
3952
3954
3964
4001
3952
3961
3952
3953
3987
3953
3963
3957
3953
3974
3960
3954
3957
3952
3958
3964
3964
3969
3968
3954
3952
3954
3954
3953
3961
3967
3979
3972
3962
3968
3954
3961
3959
3956
3952
3968
3956
3983
3965
3954
3959
3956
3957
3970
3956
3958
3961
3971
3964
3955
3964
3969
3975
3958
3963
3967
3958
3954
3960
3971
3956
3955
3982
3958
3955
3955
3978
3961
3963
3953
3962
3958
3959
3956
3991
3955
3954
3953
3957
3957
3969
3954
3965
3957
3975
3967
3958
3955
3956
3969
3954
3962
3957
3957
3955
3950
3943
3951
4001
3958
3971
3968
3978
3957
3967
3958
3973
3966
3949
3957
3972
3984
3954
3962
3954
3955
3959
3960
3965
3959
3958
3953
3950
3985
3955
3934
3954
3953
3976
3955
3967
3952
3956
3962
3970
3957
3983
3958
3950
3955
3964
3959
3953
3960
3960
3949
3982
3951
3951
3956
3989
3963
3957
3957
3979
3998
3960
3956
3976
3960
3954
3982
3965
3955
3960
3970
3956
3962
3990
3980
3958
3958
3956
3959
3959
3957
3968
3960
3962
3959
3955
3955
3951
3957
3958
3964
3959
3968
3954
3954
3969
3975
3974
3962
3958
3955
3939
3954
3959
3957
3958
3956
3955
3957
3968
3952
3964
3957
3960
3956
3957
3960
3969
3954
3957
3957
3954
3963
3954
3968
3966
3957
3963
3960
3957
3976
3985
3954
3955
3962
3957
3955
3956
3964
3957
3953
3957
3953
3967
3961
3953
3964
3959
3958
3959
3954
3963
3968
3961
3962
3960
3955
3955
3960
3959
3956
3966
3968
3965
3972
3975
3960
3963
3971
3966
3955
3971
3983
3964
3987
3960
3966
3958
3954
3973
3962
3955
3987
3970
3959
3964
3963
3956
3974
3960
3960
3958
3977
3955
3961
3978
3959
3988
3960
3959
3957
3954
3962
3957
3966
3969
3979
3959
3969
3964
3995
3969
3959
3953
3959
3959
3959
3962
3962
3961
3985
3962
3958
3961
3969
3958
3963
3957
3958
3957
3957
3956
3993
3962
3964
3984
3967
3969
3978
3988
3967
3954
3969
3962
3962
3962
3958
3958
3958
3956
3956
3966
3958
3958
3957
3960
3955
3961
3963
3956
3958
3959
3958
3971
3972
3993
3958
3961
3995
3980
3971
3960
3959
3966
3961
3976
3973
3964
3976
3981
3962
3952
3964
3956
3967
3958
3959
3969
3955
3973
3986
3958
3966
3968
3966
3961
3972
3960
3962
3971
3958
3965
3966
3954
3959
3958
3956
3956
3976
3956
3962
3970
3962
3963
3960
3960
3960
3956
3963
3964
3961
3967
3956
3956
3959
3955
3987
3964
3966
3970
3953
3963
3977
3958
3963
3956
3969
3962
3957
3958
3958
3966
3969
3962
3958
3968
3972
3991
3972
3964
3981
3958
3967
3960
3969
3957
3962
3962
3957
3953
3969
3967
3959
3973
3958
3954
3958
3970
3962
3955
3959
3954
3960
3960
3964
3975
3971
3965
3965
3960
3987
3964
3978
3985
3959
3964
3969
3959
3973
3964
3960
3963
3968
3957
3949
3963
3956
3964
3955
3959
3964
3961
3959
3959
3978
3958
3957
3985
3971
3965
3962
3963
3967
3964
3958
3963
4007
3962
3956
3969
3957
3961
3963
3948
3977
3963
3961
3954
3959
3956
3987
3969
3960
3961
3958
3972
3960
3961
3971
3954
3973
3952
3969
3951
3954
3961
3956
3979
3959
3960
3976
3957
3967
3973
3957
3960
3975
3960
3958
3978
3996
3962
3965
3956
3950
3959
3966
3960
3973
3956
3956
3961
3961
3958
3957
3964
3957
3966
3958
3967
3961
3971
3966
3960
3957
3972
3959
3969
3956
3974
3950
3961
3958
3968
3957
3966
3952
3959
3969
3973
3970
3961
3970
3966
3956
3963
3965
3953
3970
3961
3968
3957
3956
3957
3954
3960
3959
3955
3957
3961
3961
3953
3954
3957
3972
3962
3995
3966
3973
3961
3966
3959
3957
3957
3966
3976
3956
3959
3970
3962
3954
3958
3954
3958
3957
3964
3958
3967
3961
3987
3968
3955
3958
3957
3962
3967
3960
3975
3968
3957
3960
3960
3962
3957
3956
3960
3964
3974
3966
3959
3967
3954
3955
3961
3968
3960
3956
3954
3956
3951
3956
3965
3976
3958
3960
3965
3976
3965
3958
3959
3957
3966
3957
3960
3953
3956
3961
3960
3977
3962
3959
3959
3957
3961
3964
3962
3969
3963
3969
3956
3960
3976
3995
3960
3959
3957
3972
3983
3975
3957
3967
3961
3960
3973
3955
3957
3989
3975
3973
3959
3959
3955
3957
3970
3941
3961
3960
3976
3959
3962
3960
3958
3978
3961
3959
3957
3959
3978
3979
3974
3967
3960
3964
3968
3968
3986
3956
3957
3986
3958
3965
3966
3957
3957
3967
3981
3963
3976
3964
3987
3971
3959
3975
3958
3986
3971
3955
3971
3966
3955
3969
3956
3959
3958
3952
3959
3960
3955
3962
3957
3958
3967
3959
3985
3979
3972
3978
3980
3974
3971
3964
3964
3956
3977
3974
3962
3967
3963
3959
3963
3969
3977
3958
3964
3956
3967
3956
3959
3959
3960
3971
3955
3969
3957
3982
3960
3957
3971
3959
3958
3962
3964
3959
3958
3960
3956
3959
3990
3968
3972
3956
3961
3970
3965
3957
3980
3956
3957
3959
3981
3955
3964
3961
3968
3973
3965
3958
3967
3987
3958
3977
3960
3962
3961
3969
3969
3964
3955
3969
3960
3956
3959
3956
3970
3962
3962
3975
3960
3958
3954
3958
3956
3957
3978
3965
3957
3962
3951
3965
3955
3963
3967
3961
3956
3957
3957
3960
3964
3947
3984
3963
3963
3958
3973
3963
3975
3958
3974
3963
3957
3953
3977
3955
3983
3984
3960
3968
3988
3962
3954
3961
3967
3963
3958
3957
3967
3959
3980
3970
3961
3981
3958
3964
3967
3959
3977
3959
3961
3959
3960
3984
3966
3956
3967
3970
3967
3960
3959
3968
3960
3967
3963
3966
3956
3958
3951
3958
3964
3964
3960
3966
3957
3958
3972
3968
3960
3967
3968
3981
3959
3952
3958
3956
3960
3959
3959
3969
3985
3969
3958
3960
3960
3954
3977
3964
3971
3956
3961
3963
3961
3958
3964
3965
3985
3990
3961
3967
3960
3958
3955
3977
3965
3963
3958
3956
3970
3965
3964
3959
3959
3957
3973
3962
3962
3956
3957
3958
3960
3959
3958
3961
3977
3960
3975
3963
3973
3980
3959
3962
3955
3956
3961
3965
3966
3960
3961
3967
3973
3957
3956
3956
3959
3957
3969
3969
3958
3966
3962
3958
4006
3960
3977
3978
3957
3971
3959
3957
3971
3959
3957
3954
3952
3956
3962
3960
3960
3958
3962
3960
3955
3963
3953
3982
3964
3975
3967
3967
3966
3962
3962
3959
3958
3956
3963
3973
3953
3956
3956
3958
3954
3943
3960
3958
3958
3970
3969
3961
3962
3961
3967
3969
3962
3969
3958
3963
3981
3966
3961
3969
3970
3976
3963
3981
3971
3961
3958
3946
3991
3968
3989
3976
3959
3961
3962
3959
3964
3974
3968
3956
3959
3957
3971
3963
3973
3965
3960
3972
3972
3962
3961
3962
3962
3971
3968
3963
3961
3953
3964
3959
3964
3959
3960
3957
3961
3982
3959
3963
3962
3965
3954
3958
3964
3961
3963
3970
3966
3970
3985
3978
3973
3962
3966
3959
3988
3977
3959
3967
3965
3984
3961
3958
3962
3968
3988
3958
3963
3961
3981
3976
3960
3960
3975
3987
3963
3972
3960
3965
3960
3959
3969
3969
3986
3967
3960
3973
3959
3963
3959
3973
3959
3963
3966
3973
3948
3966
3970
3973
3959
3968
3962
3963
3974
3960
3967
3965
3959
3954
3956
3951
3977
3971
3975
3982
3977
3960
3957
3963
3959
3957
3962
3958
3964
3978
3960
3964
3960
3962
3970
3959
3973
3976
3961
3966
3959
3963
3962
3956
3961
3990
3962
3982
3962
3960
3959
3982
3960
3963
3970
3962
3959
3960
3966
3971
3962
3961
3990
3967
3963
3960
3970
3974
3976
3964
3979
3967
3963
3957
3958
3955
3962
3981
3959
3961
3958
3990
3979
3971
3942
3959
3960
3963
3958
3958
3961
3966
3964
3973
3963
3962
3990
3963
3978
3957
3957
3974
3981
3967
3974
3971
3962
3963
3962
3963
3963
4004
3966
3964
3974
3963
3969
3958
3962
3964
3970
3966
3978
3959
3956
3971
3958
3960
3957
3963
3993
3961
3963
3963
3988
3972
3960
3964
3967
3964
3963
3971
3967
3968
3962
3962
3960
3966
3971
3978
3963
3983
3972
3960
3960
3966
3965
3973
3963
3965
3962
3963
3966
3966
3973
3979
3973
3990
3965
3959
3976
3965
3958
3962
3962
3986
3962
3965
3971
3962
3965
3976
3966
3970
3967
3961
3963
3962
3968
3975
3959
3969
3996
3983
3963
3959
3977
3974
3961
3961
3989
3971
3976
3963
3977
3970
3963
3979
3962
3976
3960
3973
3975
4003
3965
3965
3973
3968
3964
3974
3977
3969
3978
3976
3962
3988
3984
3990
3970
3973
3964
3962
3978
3961
3957
3975
3991
3960
3984
3977
3973
3962
3957
3963
3967
3962
3968
3962
3966
3961
3961
3958
3964
3974
3961
3965
3960
3961
3977
3963
3974
3964
3969
3961
3968
3963
3964
3958
3960
3971
3979
3971
3978
3958
3962
3981
3957
3971
3967
3965
3958
3985
3968
3962
3976
3967
3990
3961
3959
3963
3989
3976
3950
3944
3960
3970
3953
3961
3962
3975
3961
3961
3970
3959
3965
3970
3973
3960
3980
3969
3972
3964
3964
3963
3962
3965
3973
3988
3968
3969
3962
3965
3982
3972
3967
3957
3979
3954
3959
3963
3959
3992
3967
3958
3954
3961
3968
3960
3968
3965
3960
3959
3962
3975
3975
3956
3960
3969
3959
3964
3961
3992
3960
3961
3960
3963
3959
3958
3965
3960
3961
3964
3956
3964
3981
3958
3977
3990
3960
3957
3961
3960
3957
3972
3963
3961
3981
3961
3961
3974
3961
3978
3960
3956
3975
3976
3963
3962
3962
3960
3962
3960
3963
3969
4003
3987
3959
3961
3964
3964
3961
3990
3960
3961
3961
3954
3962
3961
3964
3962
3981
3968
3961
3959
3957
3961
3974
3964
3958
3955
3959
3962
3961
3961
3982
3960
3967
3967
3953
3959
3962
3961
3959
3961
3965
3961
3964
3968
3960
3963
3963
3988
3963
3956
3960
3968
3959
3989
3967
3963
3961
3972
3967
3971
3966
3965
3968
3966
3962
3963
3975
3974
3966
3965
3983
3988
3986
3976
3969
3955
3967
3957
3966
3976
3963
3974
3965
3966
3965
3954
3968
3964
3957
3964
3965
3959
3971
3968
3958
3959
3976
3965
3972
3970
3964
3963
3965
3963
3967
3963
3987
3963
3962
3963
3960
3980
3949
3970
3954
3963
3960
3960
3969
3964
3959
3975
4005
3960
3963
3963
3962
3963
3964
3961
3961
3961
3959
3965
3956
3964
3961
3960
3960
3974
3962
3960
3958
3968
3973
3979
3960
3960
3977
3957
3958
3963
3959
3965
3960
3965
3962
3969
3965
3962
3962
3968
3965
3957
3964
3972
3978
3980
3977
3962
3964
3962
3959
3956
3957
3961
3962
3963
3964
3961
3962
3957
3959
3964
3959
3962
3968
3967
3966
3958
3958
3963
3986
3975
3977
3974
3990
3972
3985
3963
3963
3964
3966
3957
3975
3956
3961
3963
3969
3964
3974
3964
3966
3965
3970
3963
3962
3964
3965
3970
3960
3961
3960
3960
3975
3979
3963
3959
3971
3960
3972
3956
3957
3988
3972
3960
3962
3978
3958
3964
3961
3975
3972
3971
3974
3981
3986
3965
3959
3964
3968
3957
3963
3985
3963
3963
3982
3976
3963
3972
3963
3958
3971
3958
3996
3996
3965
3962
3972
3961
3968
3958
3958
3961
3977
3970
3959
3964
3963
3981
3963
3968
3961
3965
3992
3962
3963
3964
3996
3964
3984
3996
3965
3961
3960
3979
3994
3969
3966
3970
3967
3966
3964
3967
3971
3978
3986
3959
3965
3976
3992
3961
3958
3962
3977
3961
3960
3961
3972
3963
3960
3976
3968
3959
3963
3957
3964
3960
3960
3964
3962
3962
3957
3971
3964
3970
3969
3962
3964
3985
3990
3958
3966
3969
3995
3959
3977
3959
3963
3964
3961
3969
3964
3964
3969
3959
3966
3964
3960
3976
3967
3970
3968
3974
3973
3971
3956
3962
3962
3972
3964
3981
3978
3969
3964
3961
3986
3963
3963
3965
3964
3963
3976
3964
3965
3963
3958
3974
3963
3974
3964
3991
3962
3974
3962
3967
3965
3968
3962
3968
3972
3977
3963
3966
3986
3957
3963
3965
3962
3961
3968
3963
3957
3961
3960
3967
3987
3970
3977
3969
3963
3962
3981
3962
3976
3958
3974
3972
3969
3981
3958
3965
4003
3962
3968
3948
3964
3967
3962
3975
3967
3964
3967
3967
3970
3960
3980
3967
3969
3970
3976
3970
3967
3967
3963
3964
3966
3966
3966
3963
3961
3965
3963
3969
3976
3963
3957
3968
3956
3959
3964
3968
3973
3975
3976
3965
3960
3970
3994
3980
3971
3990
3962
3963
3965
3960
3995
3970
3961
3959
3966
3989
3972
3968
3963
3979
3963
3964
3962
3954
3982
3968
3982
3964
3964
3966
3962
3959
3966
3984
3964
3979
3965
3962
3976
3964
3969
3969
3965
3976
3975
3976
3962
3995
3971
3980
3965
3984
3963
3960
3966
3968
3967
3958
3962
3967
3963
3958
3965
3972
3965
3963
3969
3967
3972
3964
3964
3967
3979
3966
3970
3961
3962
3967
3960
3962
3974
3966
3968
3964
3964
3965
3961
3962
3966
3960
3965
3970
3965
3963
3962
3964
3960
3975
3963
3960
3960
3976
3979
3956
3967
3957
3964
3964
3958
3957
3974
3978
3958
3958
3960
3960
3960
3970
3990
3979
3990
3957
3970
4001
3988
3961
3966
3963
3959
3944
3960
3961
3958
3980
3957
3985
3964
3958
3962
3956
3958
3959
3962
3963
3965
3964
3959
3963
3966
3953
3964
3956
3968
3960
3971
3974
3957
3962
3967
3972
3964
3971
3961
3968
3964
3969
3968
3958
3961
3959
3961
3984
3966
3967
3993
3991
3966
3978
3965
3961
3959
3996
3960
3962
3960
3963
3968
3960
3975
3964
3961
3959
3963
3960
3964
3975
3956
3984
3961
3957
3963
3961
3959
3987
3984
3956
3958
3964
3961
3956
3975
3970
3959
3955
3974
3980
3956
3961
3992
3969
3980
3972
3976
3959
3960
3957
3961
3965
3959
3953
3965
3955
3956
3959
3959
3954
3967
3976
3959
3954
3952
3956
3957
3956
3969
3956
3965
3955
3966
3958
3969
3961
3960
3960
3963
3968
3973
3958
3958
3951
3961
3959
3959
3952
3956
3958
3962
3956
3958
3966
3974
3978
3963
3965
3972
3963
3964
3959
3960
3965
3980
3973
3970
3963
3959
3968
3975
3960
3973
3964
3961
3964
3996
3974
3958
3974
3969
3960
3960
3961
3968
3981
3962
3978
3968
3964
3963
3962
3990
3968
3957
3957
3961
3975
3966
3961
3961
3961
3962
3969
3975
3966
3973
3953
3969
3960
3957
3959
3963
3958
3958
3956
3964
3962
3972
3961
3956
3965
3958
3963
3954
3961
3958
3956
3971
3959
3974
3960
3961
3958
3963
3963
3986
3974
3959
3961
3957
3983
3952
3960
3960
3956
3959
3959
3960
3958
3972
3965
3960
3958
3960
3959
3956
3961
3970
3981
3969
3979
3971
3959
3964
3961
3962
3957
3961
3976
3980
3961
3960
3963
3965
3965
3962
3985
3967
3961
3959
3969
3972
3966
3959
3959
3965
3976
3988
3959
3977
3972
3965
3960
3971
4009
3978
3961
3991
3986
3962
3976
3964
3978
3972
3962
3963
3966
3968
3958
3961
3964
3971
3963
3969
3970
3962
3965
3962
3959
3961
3963
3968
3968
3976
3962
3966
3956
3989
3962
3981
3963
3974
3953
3958
3957
3968
3961
3964
3962
3960
3960
3959
3965
3980
3961
3962
3975
3975
3967
3958
3969
3971
3971
3960
3971
3977
3961
3960
3971
3966
3958
3961
3963
3976
3963
3966
3957
3975
3958
3960
3989
3962
3962
3973
3985
3959
3960
3965
3961
3973
3989
3972
3977
3961
3982
3964
3956
3981
3957
3956
3980
3965
3958
3975
3961
3986
3963
3966
3966
3963
3965
3977
3966
3959
3964
3979
3978
3960
3985
3959
3963
3974
3959
3963
3958
3974
3975
3960
3976
3980
3990
3959
3961
3961
3960
3969
3964
3965
3958
3984
3964
3961
3959
3967
3961
3965
3982
3967
3963
3961
3970
3973
3968
3988
3962
3962
3963
3996
3964
3959
3993
3960
3957
3963
3975
3961
3962
3963
3974
3959
3969
3960
3963
3958
3966
3961
3968
3960
3964
3962
3984
3961
3966
3979
3962
3956
3967
3973
3988
3998
3946
3971
3967
3967
3977
3968
3960
3963
3967
4006
3970
3964
3960
3962
3964
3978
3974
3965
3974
3967
3967
3959
3987
3960
3964
3984
3956
3974
3978
3963
3960
3967
3963
3977
3980
3976
3960
3967
3979
3967
3963
3986
3969
3968
3960
3965
3965
3962
3966
3966
3963
3971
3972
3966
3950
3961
3961
3966
4000
3973
3961
3963
3959
3956
3963
3975
3962
3964
3960
3984
3967
3969
3995
3964
3964
3993
3969
3970
3966
3975
3979
3973
3956
3975
3962
3969
3971
3962
3966
3966
3970
3965
3970
3956
3983
3968
3964
3959
3967
3960
3984
3962
3962
3969
3970
3963
3981
3970
3962
3969
3960
3962
3966
3978
3960
3966
3974
3961
3964
3965
3964
3966
3977
3981
3959
3973
3966
3963
3982
3960
3978
3963
3969
3999
3977
3963
3991
3982
3975
3967
3964
3965
3976
3964
3964
3989
3968
3966
3961
3960
3968
3992
3963
3965
3972
3985
3958
3965
3970
3969
3967
3976
3979
3963
3961
3972
3961
3969
3972
3967
3986
3968
3958
3981
3967
3964
3981
3960
3967
3963
3976
3988
3963
3968
3973
3973
3961
3979
3961
3969
3971
3972
3963
3974
3980
3971
3970
3970
3965
3971
3957
3967
3971
3963
3969
3969
3949
3966
3964
3983
3981
3967
3948
3992
3963
3964
3959
3964
3963
3971
3971
3964
3969
3973
3977
3972
3993
3978
3977
3962
3964
3980
3964
3968
3966
3961
3977
3976
3967
3966
3962
3968
3983
3963
3969
3965
3969
3965
3967
3975
3968
3971
3972
3995
3985
3971
3981
3983
3966
3968
3973
3970
3966
3973
3979
3965
3988
3968
3965
3973
3966
3994
3969
3967
3967
3991
3987
3976
3978
3968
3966
3968
3973
3961
3968
3974
3971
3986
3978
3976
3964
3981
3969
3972
3966
3971
3967
3976
3980
3981
3966
3966
3967
3967
3968
3966
3968
3995
3983
3988
3987
3972
3965
3975
3966
3983
3963
3965
3966
3978
3981
3966
3968
3968
3969
3971
3967
3974
3978
3965
3964
3975
3970
3971
3965
3979
3967
3998
3996
3971
3977
3966
3993
3977
3976
3974
3965
3964
3967
3960
3969
3969
3968
3962
3971
3975
3976
3980
3967
3964
3966
3962
3965
3971
3966
3971
3974
3973
3964
3969
3976
3969
3966
3967
3966
3965
3971
3969
3966
3974
3973
3965
3971
3979
3969
3983
3968
3965
3976
3963
3968
3980
3968
3984
3978
3966
3957
3968
3981
3973
3980
3965
3966
3980
3984
3970
3963
3977
3965
3969
3968
3970
3967
3961
3973
3964
3960
3960
3972
3963
3979
3975
3985
3962
3976
3971
3969
3970
3964
3964
3966
3966
3993
3992
3966
3967
3967
3983
3994
3994
3964
3960
3963
3974
3970
3972
3983
3965
3973
3962
3964
3963
3965
3965
3972
3961
3962
3975
3970
3986
3967
3969
3973
3966
3984
3994
3965
3964
3967
3982
3965
3957
3961
3964
3981
3965
3964
3964
3967
3982
3967
3964
3977
3984
3976
3968
3964
3984
3969
3965
3962
3972
3968
3981
3962
3965
3966
3998
3979
3961
3963
3977
3973
3962
3965
3973
3965
3966
3963
3977
3959
3964
3974
3967
3966
3969
4015
3970
3964
3966
3970
3972
3972
3969
3962
3964
3968
3970
3965
3971
3973
3964
3967
3966
3964
3965
3993
3966
3971
3974
3967
3982
3961
3983
3967
3969
3966
3987
3969
3969
3965
3985
3972
3967
3983
3963
3964
3961
3983
3967
3964
3967
3973
3971
3962
3964
3968
3973
3967
3974
3965
3978
3976
3963
3973
3970
3967
3961
3967
3968
3975
3976
3965
3966
3964
3975
3985
3966
3963
3966
3965
3964
3964
3965
3965
3982
3966
3966
3969
3966
3971
3963
3975
3960
3979
3966
3992
3968
3969
3962
3962
3966
3970
3986
3995
3969
3974
3969
3961
3962
3965
3985
3963
3977
4003
3967
3979
3967
3967
3969
3978
4007
3963
3968
3969
3964
3987
3964
3964
3966
3963
3961
3968
3975
3969
4009
3976
3975
3964
3957
3973
3964
3964
4008
3958
3985
3982
3967
3983
3972
3961
3973
3961
3966
3977
3958
3965
3967
3981
3974
3964
3964
3962
3999
3972
3975
3968
3971
3966
3965
3987
3970
3982
3967
3962
3966
3971
3971
3966
3984
3971
3961
3997
3964
3968
3969
3964
3965
3964
3965
3971
3968
3965
3968
3964
3966
3975
3976
3962
3968
3964
3967
3962
3963
3980
3967
3963
3961
3967
3971
3978
3965
3961
3966
3966
3975
3962
3970
3969
3967
3994
4008
3966
3965
3970
3959
3963
3969
3981
3964
3977
3966
3988
3966
3977
3971
3976
3960
3967
3964
3999
3972
3963
3975
3962
3979
3965
3963
3965
3971
3982
3966
3981
3987
3973
3973
3966
3984
3969
3971
3977
3965
3964
3983
3972
3962
3984
3963
3970
3964
3968
3971
3974
3965
3964
3963
3970
3964
3968
3964
3984
3964
3964
3974
3993
3966
3975
3968
3971
3963
3973
3972
3967
3968
3981
3967
3971
3998
3969
3964
3972
3970
3970
3970
3963
3965
3962
3975
3949
3989
3968
3972
3972
3971
3977
3965
3967
3972
3987
3978
3972
3966
3964
3968
3964
3965
3967
3970
3972
3965
3977
3981
3966
3997
3970
3966
3991
3961
3964
3977
3971
3968
3969
3989
3978
3968
3981
3965
3971
3966
3966
3967
3968
3970
3967
3977
3989
3967
3984
3970
3969
3978
3976
3966
3968
3975
3982
3974
3970
3966
3965
3968
3974
3971
3969
3967
3968
3970
3990
3972
3982
3969
3964
3968
3966
3973
3967
3965
3965
3982
3966
3976
3980
4002
3973
3964
3970
3960
3967
3973
3966
3965
3977
3967
3961
3977
3969
3980
3966
3967
3965
3967
3968
3963
3969
3962
3969
3969
3964
3961
3977
3975
4000
3968
3962
3968
3966
3991
3963
3986
3975
3971
3980
3969
3969
3967
3972
3966
3961
3972
3976
3966
3971
3961
3974
3970
3968
3967
3970
3969
3972
3963
3960
3963
3964
3965
3967
3964
3968
3961
3978
3975
3967
3968
3973
3964
3967
3982
3966
3963
3960
3974
3975
3980
3969
3992
3962
3970
3964
3966
3991
3968
3975
3996
3964
3984
3985
3969
3963
3963
3980
3974
3992
3963
3963
3967
3984
3964
3982
3972
3963
3969
3993
3962
3965
3971
3973
3964
3969
3966
3997
3978
3973
3993
3973
3967
3972
3970
3981
3995
3993
3968
3978
3972
3969
3984
3957
3965
3977
3966
3962
3998
3971
3989
3970
3964
3967
3964
3966
3978
3968
3969
3964
3969
3963
3982
3969
3968
3966
3967
3974
3999
3981
3982
3982
3976
3967
3966
3980
3967
3964
3971
3966
3962
4006
3991
3997
3967
3978
3975
3970
3984
3984
3974
3964
3972
3977
3975
3966
3970
3981
3970
3963
3967
3969
3972
3992
3979
3963
3968
3982
3967
3965
3992
3971
3964
3993
3963
3964
3966
3977
3970
3963
3966
3972
3970
3964
3970
3961
3976
3973
3982
3969
3970
3971
3991
3972
3980
3978
3970
3977
3967
3968
3967
3964
3970
3971
3967
3972
3967
3962
3971
3993
3968
3967
3963
3976
3970
3962
3969
3969
3966
3982
3970
3970
3968
3969
3966
3971
3978
3970
3968
3976
3965
3965
3967
3968
3966
3969
3979
3966
3970
3967
3993
3963
3965
3967
3964
3972
3962
3983
3984
3978
3966
3974
3967
3972
3969
3972
3973
3971
3960
3963
3977
3979
3977
3982
3970
3972
3990
3969
3988
3959
3973
3968
3966
3965
3966
3966
3965
3974
3965
3970
3965
4000
3967
3965
3967
3972
3964
3965
3968
3974
3971
3984
3966
3985
3973
3983
3965
3995
3974
3967
3974
3962
3967
3964
3962
3970
3964
3965
3972
3985
3977
3965
3967
3966
3967
3993
3985
3961
3968
3987
3970
3976
3970
3975
3964
3965
3966
3967
3976
3964
3976
3970
3964
3963
3960
3965
3963
3967
3966
3962
3965
3969
3964
3964
3969
3965
3961
3964
3963
3967
3969
3963
3966
3979
3963
3963
3967
3966
3964
3984
3964
3971
3977
3984
3974
3973
3965
3957
3966
3964
3970
3962
3963
3972
3984
3971
3966
3968
3967
3961
3967
3980
3967
3976
3965
3967
3963
3967
3973
3965
3988
3969
3976
3977
3973
3972
3970
3966
4002
3967
3961
3978
3964
3969
3972
3968
3972
3994
3981
3977
3971
3968
3992
3985
3969
3972
3974
3987
3965
3966
3978
3967
3973
3970
3962
3964
3969
3967
3970
3967
3976
3974
3965
3972
3969
3963
3977
3962
3972
3967
3970
3979
3993
3988
3963
3972
3965
3969
3963
3972
3967
3967
3966
3969
3969
3962
3971
3966
3979
3964
3978
3968
3972
3975
3965
3964
3966
3948
3966
3961
3977
3968
3984
3971
3973
3965
3978
3972
3963
3965
3975
3967
3962
3971
3967
3971
3968
3970
3964
3967
3970
3968
3974
3966
3970
3996
3974
3973
3964
3984
3979
3974
3967
3980
3966
3969
3968
3969
3991
3963
3967
3972
3961
3963
3980
3973
3971
3984
3983
3969
3961
3973
3985
3975
3981
3967
3962
3983
3968
3966
3982
3983
3975
3971
3988
3973
3962
3970
3964
3970
3964
3975
3972
3963
3968
3960
3974
3980
3965
3964
3973
3973
3969
3973
3963
3963
3966
3983
3972
3973
3980
3952
3978
3971
3975
3981
3983
3991
3983
3969
3969
3965
3960
3983
3958
3962
3977
3968
3971
3966
3966
3966
3967
3976
3981
3969
3968
3965
3967
3990
3961
3979
3971
3972
3960
3969
3995
3969
3993
3969
4011
3962
3966
3974
3964
3978
3982
3967
3988
3967
3977
3965
3975
3975
3977
3973
3963
3972
3963
3955
3967
3971
3965
3966
3963
3964
3961
3993
4001
3968
3975
3963
3965
3958
3964
3964
3962
3967
3979
3978
3969
3965
3963
3972
3966
3972
3972
3962
3971
3960
3970
3963
3970
3992
3962
3985
3969
3965
3964
3967
3962
3989
3963
3972
3961
3963
3968
3965
3961
3960
3975
3962
3959
3959
3977
3967
3965
3965
3964
3961
3965
3964
3977
3976
3979
3967
3968
3967
4007
3967
3973
3962
3965
3963
3976
3975
3967
3971
3978
3973
3966
3961
3971
3963
3990
3965
3986
3981
3960
3960
3964
3972
3974
3970
3963
3967
3969
3966
3975
3976
3963
3964
3996
3965
3972
3966
3984
3963
3960
3959
3979
3969
3985
3970
3963
3965
3964
3961
3961
3977
3978
3966
3965
3969
3979
3965
3963
3975
3968
3986
3975
3963
3973
3966
3963
3968
3981
3964
3963
3983
3967
3991
3974
3965
3973
3990
3963
3963
3961
3981
3961
3971
3976
3967
3968
3969
3953
3963
3968
3966
3979
3963
3968
3963
3962
3962
3963
3967
3962
3965
3965
3958
3980
3975
3968
3971
3966
3970
3979
3970
3978
3968
3964
3995
3967
3971
3961
3982
3978
3967
3974
3968
3967
3980
3967
3976
3980
3974
3966
3967
3958
3965
3967
3974
3984
3963
3973
3990
3980
3984
3966
3967
3973
3977
3967
3966
3963
3971
3979
3965
3964
3965
3976
3979
3964
3977
3959
3966
3989
3963
3974
3966
3970
3974
3963
4007
3968
3960
3967
3961
3993
3966
3967
3967
3974
3965
3965
3962
3980
3965
3965
3956
3978
3983
3980
3977
3964
3961
3963
3980
3960
3963
3973
3960
3966
3962
3964
3965
3960
3973
3964
3966
3959
3981
3985
3977
3962
3968
3970
3964
3958
3974
3963
3962
3961
3961
4012
3963
3979
3958
3970
3975
3970
3970
3971
3966
3966
3966
3965
3967
3993
3963
3960
3963
3970
3965
3966
3958
3970
3965
3963
3965
3959
3969
3961
3983
3966
3965
3981
3962
3964
3969
3983
3979
3997
3968
3970
3963
3961
3962
3966
3957
3964
3982
3975
3973
3970
3971
3964
3964
3975
3962
3969
3962
3977
3961
3987
3961
3993
3974
3967
3963
3969
3961
3961
3963
3975
3965
3966
3966
3964
3965
3964
3964
3985
4009
3953
3964
3965
3977
3983
3964
3976
3964
3965
3966
3963
3966
3966
3965
3964
3961
3968
3969
3966
3965
3963
3965
3965
3971
3965
3959
3986
3970
3982
3964
3976
3965
3968
3973
3960
3959
3991
3968
3993
3967
3974
3960
3966
3965
3963
3989
3964
3968
3969
3969
3967
3966
3964
3987
3963
3965
3967
3961
3967
3977
4009
3992
3991
3976
3963
3966
3964
3961
3962
3963
3985
3989
3979
3966
3963
3984
3992
3978
3959
3984
3963
3961
3967
3963
3988
3983
3978
3966
3985
3980
3968
3986
3967
3965
3964
3966
3967
3969
3970
3965
3978
3961
3961
3964
3973
3972
3962
3965
3967
3969
3967
3978
3964
3969
3962
3995
3963
3972
3981
3967
3988
3965
3955
3959
3959
3966
3976
3984
3946
3985
3970
3966
3988
3961
3986
3968
3962
3962
3963
3961
3990
3977
3964
3967
3979
3966
3981
3967
3967
3961
3961
3963
3963
3971
3961
3970
3964
3966
3965
3963
3966
3954
3964
4007
3970
3968
3967
3969
3967
3962
3977
3970
3977
3967
3963
3977
3978
3984
3972
3960
3969
3974
3970
3991
3975
3957
3963
3967
3970
3961
3951
3975
3962
3962
3971
3968
3960
3962
3973
3956
3968
3979
3978
3971
3966
3960
3962
3965
3964
3982
3964
3962
3968
3997
3967
3963
3968
3971
3966
4010
3962
3964
3965
3962
3962
3966
3988
3964
3970
3965
3966
3963
3984
3972
3967
3965
3991
3973
3968
3966
3973
3978
3968
3978
3971
3978
3961
3962
3971
3961
3965
3972
3967
3966
3961
3959
3962
3961
3974
3970
3968
3961
3960
3987
3961
3965
3968
3967
3957
3979
3963
3975
3967
3974
3964
3999
3961
3971
3966
3976
3962
3963
3965
3966
3985
3987
3969
3976
3986
3980
3974
3965
3977
3964
3965
3990
3969
3964
3961
3962
3964
3965
3962
3961
3963
3973
3965
3964
3964
4001
3966
3963
3959
3975
3963
3967
3964
3973
3956
3961
3967
3966
3964
3969
3968
3961
3973
3969
3965
3993
3961
3973
3968
3967
3963
3972
3979
3959
3968
3973
3989
3965
3976
3959
3964
3964
3965
3972
3961
3960
3969
3963
3965
4008
3964
3978
3973
3963
3984
3965
3959
3968
3981
3966
3993
3959
3959
3959
3964
3968
3967
3968
3974
3947
3964
3973
3959
3970
3967
3979
3968
3980
3966
3967
3963
3966
3957
3991
3964
3965
3969
3978
3963
3996
3963
3970
3966
3968
3994
3966
3981
3968
3964
3960
3964
3965
3974
3966
3964
3981
3968
3968
3982
3987
3966
3965
3973
3963
3966
3971
3967
3966
3968
3963
3958
3963
3979
3965
3978
3991
3965
3987
3960
3959
3965
3961
3974
3967
3961
3961
3965
3963
3958
3962
3965
3967
3967
3973
3975
3977
3970
3963
3967
3975
3969
3963
3966
3962
3963
3990
3981
3983
3966
3962
3958
3972
3972
3972
3965
4000
3967
3985
3974
3960
3964
3965
3965
3969
3959
3967
3961
3964
3961
3960
3961
3963
3969
3969
3964
3964
3969
3959
3976
3958
3965
3961
3956
3959
3972
3970
3970
3961
3962
3957
3958
3965
3970
3970
3955
3980
3975
3958
3962
3968
3959
3984
3966
3963
3967
3961
3961
3963
3975
3959
3959
3958
3958
3959
3973
3970
3966
3966
3960
3961
3960
3962
3967
3959
3944
3973
3967
3975
3960
3971
3977
3963
3973
3965
3959
3993
3971
3961
3968
3968
3974
3960
3960
3962
3964
3988
3970
3982
3959
3959
3970
4001
3962
3967
3971
3974
3961
3962
3973
3984
3961
3961
3967
3969
3961
3982
3962
3959
3968
3979
3961
3956
3963
3958
3968
3959
3973
3964
3959
3962
3969
3957
3961
3962
3972
3967
3958
3962
4000
3962
3957
3956
3960
3975
3962
3961
3963
3958
3964
3962
3960
3958
4006
3967
3968
3969
3960
3975
3962
3972
3963
3962
3968
3970
3957
3966
3970
3964
3976
3965
3964
3984
3979
3964
3964
3960
3986
3961
3959
3965
3963
3964
3962
3961
3969
3962
3961
3964
3981
3980
3961
3973
4004
3986
3976
3968
3976
3972
3970
3957
3961
3963
3979
3962
3971
3955
3958
3970
3970
3957
3964
3972
3985
3965
3964
3974
3962
3959
3961
3990
3964
3961
3961
3960
3962
3961
3964
3962
3961
3965
3972
3968
3980
3962
3966
3970
3966
3986
3962
3973
3984
3963
3965
3991
3955
3958
3985
3963
3968
3980
3958
3962
3993
3961
3979
3964
3961
3964
3958
3956
3965
3962
3962
3960
3995
3961
3966
3969
3981
3967
3964
3980
3968
3961
3964
3994
3959
3967
3963
3978
3964
3960
3961
3979
3962
3964
3964
3966
3969
3960
3968
3960
3969
3976
3968
3964
3958
3959
3964
3963
3968
3963
3966
3960
3975
3958
3960
3964
3979
3992
3979
3961
3977
3967
3960
3967
3984
3968
3965
3977
3972
3955
3964
3964
3965
3968
3958
3966
3978
3961
3960
3962
3961
3960
3969
3967
3969
3965
3964
3968
3969
3994
3972
3967
3976
3963
3964
3967
3965
3965
3962
3963
3968
3973
4013
3980
3998
3970
3967
3959
3961
3996
3966
3963
3973
3966
3970
3983
3963
3963
3983
3961
3969
3961
3965
3970
3968
3988
3962
3962
3959
3969
3970
3964
3967
3963
3956
3963
3967
3945
3960
3969
3976
3977
3970
3976
3959
3959
3961
3966
3981
3980
3964
3967
3972
3967
3964
3958
3968
3973
3961
3970
3970
3960
3976
3964
3963
3971
3964
3985
3966
3962
3965
3969
3962
3963
3963
3966
3962
3963
3960
3993
3983
3959
3965
3989
3965
3960
3968
3968
3981
4008
3963
3975
3975
3974
3963
3961
3971
3964
3955
3973
3960
3976
3990
3971
3973
3957
3957
3964
3963
3961
3980
3960
3990
3963
3965
3962
3965
3963
3961
3961
3975
3975
3966
3971
3969
3965
3964
3962
3962
3960
3954
3985
3973
3974
3967
3970
3963
3968
3962
3954
3962
3964
3960
3983
3960
3963
3965
3973
3969
3963
3973
3976
3960
3971
3965
3958
3967
3981
3963
3958
3975
3965
3959
3958
3965
3961
3957
3969
3987
3978
3984
3989
3959
3959
3991
3967
3960
3960
3963
3966
4007
3960
3963
3955
3972
3975
3979
3959
3966
3963
3963
3962
3973
3967
3975
3953
3969
3971
3977
3939
3977
3968
3964
3961
3962
3965
3961
3975
3966
3972
3959
3974
3958
3961
3961
3971
3964
4000
3960
3961
3969
3964
3963
3963
3964
3968
3997
3969
3958
3962
3971
3962
3967
3980
3990
3967
3960
4007
3968
3992
3954
3962
3974
3966
3959
4006
3980
3968
3969
3964
3970
3971
3986
3959
3978
3966
3965
3962
3965
3965
3963
3961
3964
3961
3964
3959
3963
3969
3966
3964
3974
3961
3962
3973
3961
3988
3957
3969
3963
3974
3973
4001
3966
3964
3954
3959
3984
3964
3979
3968
3968
3965
3964
3956
3962
3960
3972
3989
3962
3975
3973
3959
3960
3960
4008
3959
3953
3963
3965
3962
3962
3968
3993
3960
3958
3974
3979
3976
3964
3959
3963
3964
3962
3959
3961
3969
3962
3963
3959
3971
3963
3961
3957
3963
3971
3965
3973
3970
3956
3975
3970
3976
3977
3967
3966
3962
3961
3959
3963
3962
4005
3966
3969
3961
3981
3974
3962
3966
3972
3961
3980
3963
3966
3978
3970
3960
4004
3959
3974
3973
3965
3964
3961
3970
3956
3970
3972
3970
3963
3962
3973
3970