2
9
7
11
8
4
8
8
13
23
19
9
10
11
5
13
8
0
6
14
23
10
21
0
11
10
7
0
4
0
0
8
0
12
46
0
9
0
6
7
7
5
3
8
7
4
8
6
8
13
1
10
9
12
7
0
7
11
0
8
5
0
0
7
8
2
4
5
12
0
11
30
10
15
12
11
11
4
10
8
34
0
1
7
6
2
0
7
5
24
8
11
7
7
32
0
20
8
9
14
0
0
10
7
9
11
5
23
7
11
0
6
13
6
4
7
11
6
0
11
9
5
11
5
17
8
64
0
8
8
8
2
6
8
27
9
15
4
11
34
11
7
11
9
0
11
6
0
29
0
3
19
6
9
28
5
5
7
7
4
8
6
0
14
36
15
9
5
29
15
9
8
7
12
48
10
6
8
7
9
8
6
10
7
0
25
22
40
8
15
9
9
6
3
6
26
8
10
9
0
5
8
9
16
0
0
7
0
26
2
8
4
10
8
8
34
10
7
7
0
14
10
29
21
3
25
9
9
5
9
8
9
16
9
5
9
12
13
11
7
4
10
3
5
14
6
6
11
15
6
8
7
9
9
10
20
19
10
8
7
1
8
9
30
1
3
7
18
7
33
0
6
34
9
7
0
2
4
14
14
7
6
7
33
14
9
10
15
0
1
14
12
10
11
7
8
10
18
0
0
12
8
8
11
8
0
9
61
0
12
1
6
9
10
0
6
2
8
12
8
9
3
8
5
8
39
6
12
11
0
15
7
32
15
5
8
4
0
21
10
9
7
11
6
13
9
0
5
5
8
25
22
4
7
5
6
14
7
0
27
10
37
24
15
8
12
8
10
11
9
9
37
17
3
4
6
0
11
11
4
12
9
8
6
7
17
11
23
5
9
3
24
0
10
12
7
1
21
5
7
10
7
14
9
11
7
0
10
6
7
8
0
0
8
0
0
7
17
8
7
8
10
0
2
0
8
12
23
4
10
8
8
7
15
9
11
7
10
6
11
29
6
10
18
5
4
15
0
4
9
19
15
8
0
0
9
0
10
38
4
11
6
11
15
4
0
0
4
0
9
24
10
12
6
8
8
8
8
0
11
8
8
9
0
9
10
7
8
10
8
63
4
0
35
0
1
11
0
8
7
3
8
27
0
11
11
6
9
0
7
8
7
0
6
14
14
3
0
9
12
9
12
12
7
10
14
7
0
15
9
9
8
13
6
0
13
21
10
10
9
10
14
4
26
6
23
2
13
9
6
30
7
15
7
14
16
0
9
13
0
9
12
11
7
6
17
19
13
13
11
9
8
6
11
8
4
10
9
6
33
29
35
9
8
5
7
8
8
14
18
24
8
8
10
0
10
25
15
7
8
14
11
7
9
4
10
37
6
23
4
0
7
8
7
31
10
8
9
2
11
9
4
9
33
10
21
10
12
4
13
7
0
11
12
22
7
18
15
4
0
10
15
0
10
0
7
9
5
19
11
33
26
4
12
26
7
7
9
39
37
35
20
32
0
5
10
0
9
2
29
8
31
5
13
9
0
0
10
7
0
9
6
10
4
8
0
4
10
16
7
0
9
9
11
8
38
0
12
9
8
16
25
9
31
0
8
7
11
7
27
19
11
8
10
23
16
8
0
0
5
6
13
12
7
7
0
8
19
9
16
11
10
8
8
9
9
15
0
7
3
6
7
7
6
0
15
7
8
0
5
0
10
9
3
8
10
9
9
2
7
28
10
7
9
9
10
7
8
7
10
5
6
24
4
0
7
19
32
18
3
10
6
0
8
13
36
8
10
7
9
22
21
9
16
13
0
0
4
9
37
13
8
10
13
35
8
4
10
14
25
7
7
8
17
0
43
9
14
22
8
1
8
5
12
8
34
6
7
0
8
37
6
6
1
6
5
0
8
9
7
66
13
6
7
9
10
1
22
10
6
0
0
18
9
9
0
6
32
10
21
30
15
12
9
36
5
9
7
16
25
5
0
13
12
0
7
12
25
7
0
0
9
0
6
7
9
14
6
6
24
6
38
6
16
4
12
0
6
32
34
15
6
0
10
9
14
0
7
9
4
6
9
0
8
36
14
25
8
14
7
10
8
12
10
10
33
31
4
33
5
5
10
10
10
39
0
8
8
0
2
11
6
0
7
0
8
0
8
36
14
10
6
9
0
9
16
21
10
8
11
1
8
19
6
0
0
9
9
13
7
15
19
0
9
2
8
19
7
0
12
10
11
17
16
3
19
6
10
6
11
12
10
4
8
22
6
3
33
0
6
39
21
27
21
18
22
23
30
34
27
27
27
27
48
20
38
67
79
103
129
150
174
198
226
273
254
303
317
338
363
386
422
429
485
486
510
530
550
572
600
616
654
673
698
702
730
752
784
786
801
843
842
868
888
898
932
960
955
971
1010
1057
1030
1018
1061
1078
1120
1126
1135
1147
1161
1179
1197
1215
1245
1256
1273
1293
1297
1317
1322
1332
1349
1366
1381
1392
1408
1414
1436
1449
1458
1477
1495
1500
1509
1505
1544
1559
1570
1589
1592
1612
1663
1615
1613
1675
1672
1683
1698
1701
1715
1727
1738
1760
1783
1771
1777
1813
1799
1811
1813
1852
1849
1845
1852
1867
1873
1883
1903
1921
1921
1911
1954
1946
1944
1974
1962
1970
1971
1993
1997
2013
2003
2002
2016
2016
2026
2034
1998
2044
2054
2083
2071
2070
2076
2086
2085
2097
2111
2107
2112
2115
2147
2131
2135
2157
2148
2146
2151
2182
2164
2183
2175
2191
2183
2198
2188
2220
2223
2205
2207
2220
2176
2221
2220
2228
2222
2235
2242
2252
2252
2268
2259
2259
2285
2270
2276
2274
2295
2275
2293
2279
2308
2296
2296
2294
2295
2296
2320
2307
2323
2312
2319
2328
2328
2326
2331
2328
2344
2337
2330
2335
2347
2362
2334
2346
2367
2339
2358
2379
2366
2365
2369
2371
2367
2367
2374
2400
2396
2380
2383
2437
2399
2392
2389
2393
2395
2407
2405
2402
2394
2396
2399
2415
2411
2415
2449
2423
2447
2411
2416
2421
2420
2424
2423
2434
2427
2431
2434
2431
2435
2445
2434
2438
2454
2434
2454
2447
2444
2453
2446
2442
2451
2461
2444
2462
2450
2458
2456
2455
2456
2455
2459
2459
2462
2461
2461
2475
2468
2470
2460
2511
2484
2475
2452
2471
2521
2481
2469
2444
2473
2476
2477
2479
2477
2491
2500
2479
2372
2484
2493
2491
2516
2490
2483
2483
2513
2501
2487
2493
2491
2481
2491
2494
2518
2425
2501
2494
2499
2494
2499
2502
2499
2504
2532
2507
2504
2499
2506
2505
2515
2505
2506
2519
2514
2538
2529
2517
2507
2506
2508
2513
2506
2510
2510
2513
2512
2518
2523
2510
2520
2531
2515
2513
2517
2519
2518
2528
2524
2519
2504
2529
2524
2526
2549
2540
2518
2523
2535
2522
2528
2528
2525
2527
2524
2522
2545
2522
2532
2534
2529
2539
2529
2526
2527
2515
2526
2530
2530
2532
2528
2539
2530
2554
2524
2528
2525
2530
2537
2545
2566
2530
2565
2534
2534
2530
2530
2538
2552
2534
2557
2547
2532
2557
2538
2539
2548
2539
2536
2520
2540
2556
2544
2558
2538
2535
2537
2525
2519
2540
2554
2568
2538
2539
2551
2552
2542
2555
2550
2550
2550
2545
2542
2547
2545
2495
2547
2542
2548
2548
2548
2551
2541
2549
2552
2538
2554
2551
2555
2567
2551
2546
2498
2558
2549
2551
2576
2549
2546
2546
2551
2573
2548
2555
2561
2560
2548
2552
2558
2567
2557
2557
2552
2551
2563
2552
2554
2555
2666
2575
2556
2571
2557
2555
2567
2564
2553
2553
2576
2560
2556
2567
2554
2566
2562
2558
2559
2554
2563
2556
2562
2557
2558
2553
2576
2575
2564
2591
2585
2543
2558
2566
2562
2563
2567
2568
2557
2557
2567
2576
2558
2546
2562
2568
2560
2567
2560
2559
2561
2558
2576
2550
2563
2562
2564
2563
2561
2562
2603
2567
2561
2570
2570
2569
2560
2568
2570
2561
2562
2584
2612
2569
2571
2563
2557
2586
2566
2565
2577
2594
2565
2566
2588
2587
2570
2577
2565
2564
2564
2562
2570
2588
2586
2569
2569
2573
2572
2572
2571
2575
2570
2603
2575
2577
2567
2567
2566
2602
2579
2529
2574
2568
2577
2587
2564
2572
2570
2570
2555
2567
2567
2571
2568
2584
2577
2590
2576
2573
2565
2576
2575
2594
2573
2574
2584
2523
2569
2567
2573
2572
2575
2589
2596
2576
2568
2571
2576
2604
2585
2577
2575
2572
2576
2572
2577
2575
2576
2570
2578
2592
2592
2578
2567
2574
2607
2576
2611
2598
2572
2608
2577
2599
2592
2614
2583
2573
2574
2556
2569
2587
2578
2582
2576
2579
2587
2584
2594
2574
2583
2573
2579
2603
2586
2580
2564
2585
2588
2593
2579
2608
2596
2582
2594
2552
2583
2611
2585
2586
2561
2576
2584
2561
2578
2576
2580
2585
2578
2580
2593
2591
2593
2583
2578
2591
2585
2580
2580
2601
2591
2564
2579
2608
2587
2583
2582
2579
2582
2601
2569
2571
2589
2578
2584
2599
2586
2586
2555
2596
2588
2586
2586
2604
2584
2579
2581
2628
2597
2582
2588
2602
2586
2587
2581
2606
2584
2583
2589
2589
2587
2578
2598
2592
2601
2587
2589
2587
2595
2597
2589
2591
2608
2590
2588
2605
2567
2585
2588
2594
2584
2616
2616
2608
2588
2588
2583
2587
2590
2589
2586
2592
2594
2589
2593
2597
2590
2600
2588
2590
2606
2588
2589
2592
2593
2608
2578
2616
2586
2621
2589
2602
2607
2605
2601
2575
2615
2586
2601
2596
2603
2596
2590
2589
2586
2594
2598
2592
2611
2626
2595
2606
2593
2597
2600
2593
2590
2596
2595
2596
2621
2595
2594
2590
2589
2594
2589
2597
2607
2601
2569
2589
2619
2601
2594
2595
2596
2593
2560
2613
2591
2602
2615
2594
2595
2617
2596
2650
2595
2613
2596
2607
2594
2594
2592
2598
2590
2596
2594
2595
2595
2610
2595
2596
2537
2602
2605
2604
2597
2600
2596
2607
2593
2605
2603
2598
2594
2599
2599
2602
2598
2605
2596
2594
2595
2592
2592
2604
2600
2601
2562
2598
2601
2611
2597
2608
2597
2598
2599
2596
2595
2622
2606
2613
2593
2601
2600
2600
2593
2626
2603
2630
2601
2599
2600
2599
2598
2583
2601
2606
2616
2608
2600
2618
2624
2617
2609
2606
2601
2624
2605
2599
2600
2572
2608
2646
2627
2600
2594
2598
2605
2599
2604
2603
2598
2647
2601
2598
2621
2607
2607
2587
2611
2601
2603
2608
2608
2617
2602
2613
2599
2609
2592
2600
2603
2602
2605
2610
2605
2618
2601
2605
2605
2601
2598
2614
2605
2591
2601
2600
2603
2606
2608
2605
2603
2593
2605
2616
2605
2600
2605
2601
2601
2603
2581
2624
2607
2609
2603
2615
2607
2603
2606
2620
2593
2620
2616
2608
2605
2602
2605
2575
2606
2606
2615
2601
2605
2605
2606
2613
2589
2590
2602
2606
2604
2611
2611
2610
2605
2604
2608
2606
2602
2604
2613
2612
2606
2624
2628
2605
2608
2605
2605
2603
2626
2630
2622
2603
2609
2602
2607
2607
2601
2607
2605
2589
2613
2625
2624
2613
2612
2599
2606
2604
2589
2620
2593
2607
2608
2604
2617
2606
2578
2608
2610
2610
2605
2606
2609
2619
2605
2618
2627
2616
2607
2606
2609
2612
2610
2602
2610
2608
2604
2625
2617
2607
2609
2616
2609
2607
2613
2612
2625
2604
2606
2609
2610
2604
2611
2619
2605
2634
2632
2612
2607
2591
2615
2608
2620
2610
2620
2607
2615
2608
2651
2635
2609
2612
2633
2610
2612
2609
2595
2622
2621
2610
2612
2614
2608
2608
2607
2657
2613
2610
2618
2611
2617
2613
2611
2616
2612
2622
2613
2620
2609
2625
2627
2620
2612
2611
2614
2609
2610
2626
2614
2611
2609
2613
2605
2602
2633
2613
2611
2613
2623
2611
2629
2618
2615
2619
2631
2609
2615
2609
2649
2597
2613
2609
2619
2628
2626
2640
2609
2626
2620
2628
2616
2626
2614
2629
2612
2639
2663
2623
2626
2611
2613
2622
2611
2622
2615
2666
2614
2613
2614
2630
2618
2626
2631
2615
2631
2619
2618
2635
2612
2612
2612
2615
2641
2615
2634
2611
2627
2616
2614
2613
2615
2641
2605
2618
2617
2614
2631
2618
2613
2659
2612
2615
2610
2611
2610
2631
2614
2625
2617
2616
2615
2618
2635
2627
2642
2619
2643
2613
2636
2615
2630
2616
2614
2626
2618
2623
2614
2621
2615
2614
2615
2638
2615
2619
2615
2633
2613
2618
2610
2618
2651
2651
2619
2622
2620
2617
2630
2615
2629
2631
2628
2630
2611
2626
2614
2618
2622
2617
2615
2634
2619
2617
2616
2619
2615
2616
2615
2617
2615
2642
2609
2617
2630
2612
2618
2619
2595
2633
2618
2619
2615
2620
2629
2622
2622
2567
2616
2627
2623
2621
2617
2619
2616
2630
2617
2623
2630
2621
2624
2628
2618
2620
2638
2641
2621
2615
2626
2621
2620
2609
2600
2619
2626
2621
2650
2631
2620
2632
2624
2617
2624
2618
2644
2632
2619
2618
2618
2610
2634
2622
2622
2664
2621
2620
2646
2620
2626
2622
2624
2629
2619
2624
2619
2622
2650
2615
2618
2631
2618
2621
2645
2616
2621
2667
2621
2630
2627
2620
2630
2638
2628
2620
2632
2619
2644
2622
2624
2626
2622
2623
2636
2627
2625
2632
2610
2629
2620
2640
2627
2596
2623
2629
2626
2631
2625
2646
2623
2618
2634
2620
2651
2620
2648
2623
2625
2625
2607
2622
2648
2623
2647
2649
2624
2634
2627
2664
2620
2624
2650
2625
2642
2625
2628
2621
2624
2629
2659
2620
2632
2625
2630
2639
2557
2628
2636
2624
2624
2622
2628
2628
2625
2640
2603
2634
2639
2624
2627
2633
2626
2586
2622
2620
2631
2631
2624
2622
2650
2603
2623
2624
2623
2628
2626
2631
2622
2624
2607
2628
2648
2625
2631
2639
2621
2622
2637
2631
2627
2644
2625
2642
2651
2630
2631
2662
2631
2641
2624
2620
2625
2631
2629
2624
2586
2632
2643
2628
2628
2628
2649
2639
2632
2628
2611
2663
2630
2627
2625
2629
2643
2655
2628
2640
2650
2636
2631
2628
2647
2634
2630
2631
2626
2625
2630
2633
2623
2624
2611
2627
2628
2633
2632
2628
2628
2635
2609
2618
2635
2630
2627
2627
2636
2628
2626
2632
2642
2630
2630
2623
2629
2628
2630
2663
2664
2626
2630
2647
2631
2652
2626
2662
2631
2630
2651
2657
2625
2649
2628
2629
2643
2693
2641
2627
2649
2657
2630
2637
2638
2600
2627
2630
2627
2627
2626
2633
2647
2630
2687
2633
2630
2631
2648
2629
2633
2632
2627
2641
2634
2625
2631
2632
2631
2625
2626
2641
2631
2629
2628
2628
2628
2646
2625
2656
2641
2634
2632
2640
2632
2634
2632
2633
2661
2633
2632
2631
2645
2654
2627
2627
2629
2650
2628
2630
2634
2628
2633
2630
2629
2630
2631
2636
2639
2636
2631
2644
2630
2631
2625
2632
2641
2639
2631
2660
2632
2554
2646
2631
2628
2629
2630
2658
2642
2643
2660
2638
2630
2628
2630
2626
2656
2630
2631
2633
2634
2633
2633
2633
2633
2660
2645
2607
2638
2635
2655
2637
2635
2643
2630
2634
2658
2625
2645
2643
2657
2633
2634
2639
2626
2638
2638
2634
2647
2644
2634
2652
2662
2628
2643
2648
2658
2637
2662
2638
2636
2674
2629
2634
2636
2664
2648
2634
2636
2628
2607
2633
2634
2635
2635
2632
2655
2643
2642
2633
2633
2632
2635
2661
2634
2638
2639
2606
2643
2633
2643
2650
2653
2633
2635
2636
2643
2639
2635
2634
2638
2636
2637
2647
2719
2633
2637
2631
2636
2635
2638
2631
2633
2644
2640
2641
2645
2652
2634
2630
2635
2620
2637
2632
2634
2636
2644
2639
2639
2634
2635
2654
2635
2645
2632
2635
2639
2637
2659
2649
2645
2646
2635
2636
2637
2656
2638
2681
2639
2665
2639
2645
2657
2634
2641
2631
2639
2638
2638
2638
2634
2635
2634
2638
2617
2649
2635
2644
2655
2638
2643
2644
2627
2634
2674
2649
2640
2662
2634
2645
2637
2643
2660
2635
2629
2661
2636
2638
2639
2636
2653
2628
2638
2640
2634
2642
2637
2636
2642
2649
2622
2644
2642
2637
2644
2641
2636
2633
2645
2633
2648
2635
2648
2634
2635
2638
2638
2666
2648
2639
2637
2639
2634
2653
2643
2639
2646
2636
2637
2653
2649
2637
2637
2633
2644
2637
2660
2642
2637
2637
2637
2642
2631
2645
2650
2638
2639
2654
2638
2639
2642
2565
2637
2645
2639
2639
2642
2651
2661
2641
2661
2630
2639
2642
2648
2639
2639
2639
2637
2637
2636
2658
2636
2641
2638
2639
2646
2704
2626
2666
2636
2655
2639
2636
2643
2652
2640
2640
2641
2647
2654
2639
2650
2657
2639
2608
2640
2665
2666
2641
2622
2653
2638
2666
2643
2644
2631
2640
2653
2651
2640
2644
2646
2640
2640
2639
2650
2640
2651
2639
2637
2633
2640
2667
2643
2640
2640
2653
2643
2640
2641
2643
2653
2642
2652
2656
2638
2682
2637
2649
2639
2666
2644
2661
2660
2672
2659
2660
2647
2641
2638
2648
2656
2641
2654
2669
2640
2654
2657
2638
2655
2644
2644
2657
2695
2645
2640
2639
2639
2650
2640
2641
2632
2644
2643
2642
2650
2645
2640
2652
2642
2641
2638
2642
2639
2644
2645
2636
2645
2636
2649
2649
2680
2645
2642
2644
2641
2639
2677
2641
2642
2656
2645
2640
2644
2658
2649
2645
2645
2645
2665
2647
2645
2648
2638
2673
2646
2635
2643
2650
2647
2644
2671
2659
2641
2641
2646
2652
2643
2641
2643
2637
2637
2646
2642
2647
2664
2648
2647
2623
2644
2648
2647
2645
2646
2654
2639
2650
2643
2643
2653
2643
2645
2641
2643
2646
2646
2639
2656
2640
2646
2656
2652
2646
2654
2672
2646
2647
2668
2648
2655
2650
2652
2633
2650
2652
2646
2644
2654
2644
2643
2642
2643
2640
2632
2638
2647
2642
2657
2649
2645
2665
2640
2641
2650
2643
2643
2665
2668
2647
2646
2661
2670
2650
2672
2640
2645
2647
2628
2643
2641
2656
2648
2660
2676
2646
2652
2634
2662
2653
2649
2644
2644
2646
2644
2653
2643
2646
2646
2643
2646
2652
2639
2650
2672
2643
2655
2647
2648
2644
2660
2647
2666
2646
2658
2641
2644
2664
2655
2647
2655
2639
2661
2646
2654
2646
2649
2675
2660
2642
2658
2641
2646
2643
2650
2646
2675
2643
2671
2641
2646
2647
2649
2647
2651
2646
2639
2645
2653
2662
2649
2654
2647
2665
2642
2578
2645
2649
2647
2647
2645
2644
2646
2647
2655
2656
2645
2655
2660
2646
2651
2651
2654
2646
2662
2656
2647
2662
2656
2672
2647
2623
2643
2650
2648
2650
2654
2674
2657
2647
2646
2651
2657
2651
2662
2684
2647
2644
2683
2668
2667
2641
2649
2675
2644
2646
2646
2665
2653
2654
2652
2672
2652
2653
2643
2592
2646
2652
2635
2648
2658
2650
2651
2645
2680
2665
2647
2649
2648
2649
2649
2649
2640
2645
2669
2646
2650
2650
2648
2650
2658
2640
2665
2646
2649
2656
2654
2660
2658
2620
2648
2670
2650
2656
2674
2663
2648
2674
2619
2664
2649
2657
2648
2649
2673
2653
2650
2650
2648
2665
2662
2646
2662
2650
2656
2657
2652
2650
2644
2652
2672
2678
2659
2647
2651
2659
2655
2650
2647
2667
2652
2653
2666
2673
2676
2644
2649
2651
2650
2653
2657
2676
2657
2652
2669
2651
2650
2673
2651
2660
2650
2660
2651
2678
2656
2631
2650
2651
2656
2646
2647
2650
2672
2664
2652
2653
2651
2653
2650
2655
2652
2638
2653
2658
2650
2661
2677
2649
2648
2653
2659
2659
2653
2669
2661
2569
2653
2650
2649
2651
2681
2658
2650
2679
2648
2653
2658
2651
2660
2647
2647
2656
2661
2656
2659
2654
2652
2664
2652
2664
2644
2659
2651
2674
2638
2651
2653
2653
2652
2648
2654
2651
2658
2653
2659
2652
2663
2625
2698
2652
2652
2660
2653
2658
2663
2650
2685
2655
2662
2654
2656
2662
2660
2652
2667
2628
2662
2674
2655
2657
2669
2700
2649
2659
2678
2659
2650
2652
2651
2660
2651
2661
2684
2653
2645
2671
2652
2681
2660
2656
2648
2658
2678
2686
2657
2652
2656
2655
2652
2672
2659
2649
2659
2656
2658
2657
2655
2651
2699
2665
2657
2665
2651
2660
2661
2654
2657
2668
2658
2658
2652
2665
2652
2669
2653
2630
2656
2652
2654
2669
2654
2650
2660
2678
2658
2650
2665
2658
2656
2674
2656
2652
2642
2657
2652
2668
2662
2654
2660
2655
2627
2658
2647
2660
2654
2653
2663
2665
2652
2651
2658
2660
2656
2653
2661
2688
2659
2637
2638
2659
2672
2656
2664
2657
2658
2655
2628
2659
2658
2659
2659
2656
2656
2669
2653
2642
2650
2662
2654
2656
2665
2654
2667
2620
2660
2650
2655
2659
2660
2655
2660
2660
2635
2660
2682
2676
2655
2653
2652
2675
2654
2685
2662
2662
2658
2656
2652
2665
2654
2643
2653
2656
2679
2660
2656
2659
2683
2667
2642
2658
2672
2658
2667
2659
2656
2659
2671
2669
2656
2665
2667
2655
2670
2669
2657
2625
2664
2660
2656
2682
2660
2658
2656
2651
2671
2660
2657
2675
2654
2658
2668
2660
2615
2663
2654
2654
2668
2703
2653
2659
2658
2661
2678
2669
2675
2656
2654
2656
2656
2595
2660
2679
2648
2653
2668
2686
2663
2656
2657
2654
2655
2662
2654
2651
2650
2659
2641
2667
2657
2683
2657
2657
2654
2659
2659
2653
2657
2658
2658
2651
2659
2683
2662
2645
2659
2658
2662
2662
2673
2670
2651
2622
2614
2685
2677
2659
2657
2669
2672
2659
2689
2666
2661
2671
2668
2654
2661
2664
2655
2676
2655
2661
2685
2664
2654
2660
2664
2620
2669
2657
2659
2656
2660
2661
2657
2657
2651
2673
2656
2660
2659
2654
2658
2657
2657
2654
2667
2661
2656
2664
2654
2658
2656
2669
2659
2657
2673
2676
2658
2676
2661
2662
2716
2678
2664
2661
2670
2667
2656
2662
2703
2659
2670
2670
2658
2658
2684
2658
2664
2658
2662
2663
2663
2667
2663
2645
2659
2659
2664
2685
2658
2672
2660
2669
2684
2655
2661
2678
2665
2664
2658
2660
2665
2661
2668
2678
2674
2664
2665
2662
2661
2661
2660
2677
2670
2648
2658
2665
2659
2673
2661
2661
2666
2654
2660
2663
2680
2666
2660
2658
2660
2656
2697
2671
2689
2658
2661
2656
2663
2665
2654
2658
2668
2662
2658
2670
2675
2680
2669
2658
2661
2664
2664
2658
2660
2659
2670
2664
2665
2655
2673
2680
2663
2661
2655
2677
2673
2659
2663
2660
2663
2660
2662
2663
2675
2656
2664
2664
2661
2663
2687
2659
2666
2638
2661
2670
2660
2659
2665
2674
2671
2641
2671
2683
2660
2662
2659
2665
2658
2671
2651
2664
2662
2663
2660
2676
2657
2662
2663
2657
2663
2663
2659
2684
2681
2679
2660
2680
2659
2664
2663
2660
2658
2659
2664
2661
2669
2657
2661
2671
2669
2670
2694
2659
2693
2661
2664
2664
2665
2662
2664
2662
2646
2653
2668
2668
2707
2661
2667
2664
2662
2664
2675
2673
2666
2664
2665
2664
2661
2665
2684
2665
2666
2663
2662
2662
2662
2664
2677
2656
2667
2669
2668
2670
2662
2673
2687
2667
2663
2669
2665
2665
2691
2666
2662
2668
2648
2663
2661
2661
2658
2661
2665
2671
2663
2672
2663
2681
2666
2662
2664
2662
2675
2633
2662
2666
2691
2670
2666
2696
2668
2664
2661
2671
2666
2690
2668
2662
2692
2663
2626
2667
2681
2670
2662
2672
2681
2665
2660
2662
2663
2667
2672
2676
2670
2670
2682
2663
2664
2665
2663
2666
2664
2660
2665
2656
2668
2670
2688
2670
2663
2664
2664
2662
2663
2665
2650
2668
2663
2664
2663
2665
2682
2656
2666
2667
2689
2666
2666
2672
2667
2661
2671
2667
2669
2663
2668
2671
2666
2675
2681
2688
2666
2675
2661
2668
2664
2674
2666
2693
2664
2667
2672
2705
2670
2668
2674
2660
2671
2664
2663
2668
2685
2664
2667
2653
2675
2662
2673
2673
2669
2674
2675
2672
2665
2666
2670
2661
2660
2665
2666
2674
2675
2651
2669
2685
2661
2666
2676
2670
2674
2667
2661
2669
2669
2684
2668
2683
2668
2722
2674
2685
2686
2675
2665
2666
2666
2677
2665
2671
2674
2670
2675
2709
2666
2669
2646
2669
2688
2669
2672
2667
2665
2664
2672
2664
2665
2665
2669
2666
2664
2671
2668
2683
2672
2674
2678
2677
2686
2668
2675
2663
2670
2697
2665
2662
2666
2664
2665
2664
2681
2664
2678
2693
2666
2661
2666
2664
2687
2648
2682
2679
2668
2668
2668
2661
2666
2659
2674
2672
2665
2665
2666
2671
2687
2682
2622
2662
2694
2676
2667
2681
2691
2667
2674
2674
2680
2670
2665
2674
2672
2671
2668
2690
2685
2706
2669
2665
2694
2666
2668
2671
2685
2681
2667
2682
2679
2666
2670
2684
2688
2666
2668
2686
2675
2705
2665
2668
2685
2637
2675
2669
2676
2674
2670
2669
2671
2684
2673
2678
2671
2671
2679
2665
2668
2665
2636
2674
2672
2690
2668
2671
2670
2669
2674
2672
2690
2699
2672
2672
2674
2688
2671
2627
2653
2668
2668
2669
2667
2684
2693
2665
2669
2663
2664
2667
2665
2676
2675
2690
2628
2669
2668
2679
2669
2673
2669
2686
2677
2660
2667
2665
2667
2687
2669
2665
2664
2640
2673
2667
2683
2664
2664
2674
2667
2653
2677
2668
2678
2672
2670
2674
2672
2682
2670
2671
2666
2680
2671
2672
2685
2668
2639
2660
2670
2668
2672
2672
2672
2672
2675
2681
2682
2670
2664
2681
2671
2671
2668
2688
2690
2676
2667
2668
2671
2685
2681
2673
2695
2653
2671
2674
2670
2669
2672
2677
2670
2708
2669
2674
2669
2681
2668
2668
2676
2669
2631
2691
2673
2675
2664
2673
2675
2677
2678
2669
2666
2668
2672
2673
2662
2676
2668
2620
2681
2683
2672
2673
2694
2668
2673
2668
2704
2673
2667
2679
2665
2664
2672
2690
2666
2675
2675
2668
2670
2672
2670
2680
2679
2663
2659
2677
2675
2675
2675
2672
2683
2670
2669
2689
2679
2708
2667
2668
2668
2683
2656
2663
2669
2671
2675
2678
2674
2672
2671
2667
2670
2675
2669
2672
2672
2668
2673
2647
2669
2671
2675
2682
2670
2697
2688
2670
2671
2658
2672
2717
2671
2668
2672
2668
2698
2666
2669
2680
2672
2712
2678
2672
2677
2658
2686
2672
2681
2681
2670
2669
2678
2698
2656
2673
2669
2677
2676
2671
2669
2672
2673
2682
2675
2676
2672
2677
2677
2673
2669
2683
2677
2671
2677
2669
2668
2668
2710
2668
2714
2667
2671
2687
2699
2671
2668
2697
2691
2707
2671
2675
2674
2682
2683
2673
2669
2667
2662
2675
2682
2679
2668
2682
2673
2685
2674
2682
2672
2691
2700
2667
2674
2680
2670
2670
2671
2689
2654
2673
2687
2679
2678
2673
2675
2687
2670
2670
2702
2685
2674
2658
2692
2668
2681
2672
2673
2671
2672
2680
2656
2674
2680
2676
2678
2671
2669
2679
2699
2674
2683
2689
2673
2675
2672
2680
2672
2659
2673
2676
2671
2676
2673
2676
2670
2675
2682
2683
2679
2670
2676
2676
2674
2681
2654
2679
2673
2671
2675
2678
2689
2674
2686
2664
2671
2673
2677
2679
2669
2674
2674
2683
2691
2670
2705
2673
2672
2670
2673
2674
2676
2682
2673
2672
2670
2674
2672
2673
2677
2689
2676
2674
2682
2678
2688
2674
2684
2677
2670
2674
2674
2676
2672
2674
2698
2681
2697
2681
2706
2672
2675
2675
2674
2689
2676
2663
2659
2676
2672
2671
2682
2706
2674
2685
2678
2673
2675
2674
2676
2674
2675
2679
2702
2684
2689
2677
2672
2689
2674
2684
2665
2676
2674
2678
2681
2687
2686
2671
2675
2677
2679
2675
2671
2686
2687
2680
2700
2673
2673
2688
2674
2676
2678
2685
2676
2676
2663
2696
2675
2674
2676
2686
2681
2653
2682
2683
2695
2681
2673
2677
2675
2675
2688
2681
2654
2677
2675
2689
2673
2677
2690
2681
2695
2667
2673
2686
2682
2676
2696
2675
2688
2652
2671
2690
2679
2687
2673
2700
2673
2683
2679
2673
2691
2672
2694
2682
2677
2686
2699
2648
2660
2672
2684
2689
2674
2698
2682
2727
2684
2672
2677
2680
2687
2690
2693
2679
2722
2687
2678
2687
2670
2679
2677
2674
2675
2691
2675
2675
2697
2681
2690
2684
2671
2632
2687
2677
2675
2675
2673
2681
2691
2670
2679
2671
2672
2690
2689
2676
2683
2676
2731
2674
2679
2675
2665
2676
2674
2678
2681
2683
2679
2678
2682
2672
2685
2676
2675
2676
2679
2674
2685
2681
2684
2689
2688
2674
2702
2683
2693
2695
2689
2657
2679
2675
2678
2674
2665
2678
2679
2705
2703
2675
2684
2683
2676
2705
2675
2679
2696
2704
2678
2676
2673
2699
2675
2672
2678
2673
2670
2684
2677
2683
2676
2675
2677
2686
2679
2681
2693
2680
2667
2676
2677
2677
2678
2678
2674
2649
2706
2684
2674
2681
2678
2675
2676
2680
2675
2701
2677
2679
2707
2675
2679
2692
2612
2677
2675
2677
2673
2689
2703
2678
2683
2700
2688
2675
2678
2697
2675
2707
2672
2672
2683
2669
2674
2681
2679
2696
2678
2676
2727
2674
2679
2678
2676
2677
2704
2696
2679
2680
2683
2680
2681
2674
2702
2671
2677
2671
2682
2677
2677
2681
2674
2674
2680
2726
2676
2677
2689
2677
2680
2677
2680
2677
2659
2686
2682
2672
2676
2677
2679
2703
2679
2676
2673
2678
2682
2679
2676
2688
2679
2678
2673
2680
2678
2684
2677
2677
2680
2677
2665
2699
2679
2685
2679
2678
2694
2681
2688
2689
2697
2677
2677
2679
2681
2676
2680
2675
2678
2681
2680
2680
2693
2691
2675
2676
2657
2662
2696
2678
2681
2682
2677
2677
2709
2682
2679
2678
2681
2685
2683
2698
2679
2678
2642
2690
2676
2716
2688
2690
2673
2674
2677
2679
2677
2684
2678
2722
2676
2677
2679
2690
2684
2680
2663
2702
2679
2681
2686
2691
2678
2699
2680
2686
2678
2682
2682
2679
2681
2682
2688
2694
2678
2682
2676
2692
2698
2675
2678
2694
2678
2704
2678
2676
2697
2702
2693
2683
2677
2708
2682
2682
2676
2684
2670
2683
2680
2675
2702
2688
2688
2679
2677
2702
2673
2678
2678
2679
2710
2680
2687
2722
2684
2686
2685
2681
2684
2681
2679
2678
2740
2686
2694
2689
2683
2678
2678
2694
2668
2700
2679
2680
2700
2683
2682
2688
2685
2719
2686
2681
2682
2685
2683
2679
2668
2660
2683
2685
2679
2684
2678
2681
2701
2682
2674
2696
2678
2699
2678
2683
2687
2683
2697
2683
2699
2687
2692
2678
2681
2695
2679
2675
2701
2680
2689
2681
2677
2703
2688
2686
2698
2709
2682
2683
2685
2696
2685
2690
2682
2682
2686
2687
2678
2695
2680
2678
2683
2674
2710
2685
2690
2684
2684
2680
2687
2686
2683
2658
2688
2707
2682
2686
2685
2710
2634
2685
2683
2682
2684
2708
2691
2707
2680
2687
2671
2694
2682
2682
2703
2681
2683
2672
2681
2699
2689
2693
2683
2680
2685
2691
2685
2664
2682
2684
2682
2690
2682
2686
2687
2684
2685
2681
2711
2688
2679
2694
2695
2685
2675
2688
2677
2681
2683
2688
2695
2687
2691
2674
2684
2681
2712
2684
2684
2728
2683
2693
2684
2695
2683
2686
2685
2697
2694
2675
2705
2699
2685
2683
2686
2693
2687
2683
2683
2684
2676
2683
2697
2687
2682
2681
2718
2679
2685
2693
2689
2701
2682
2694
2687
2681
2706
2689
2706
2691
2680
2683
2687
2677
2709
2680
2686
2682
2696
2688
2686
2709
2694
2672
2700
2699
2685
2683
2682
2694
2708
2712
2683
2683
2716
2685
2694
2699
2684
2675
2671
2686
2684
2685
2689
2683
2690
2674
2684
2683
2687
2682
2680
2683
2689
2680
2662
2697
2681
2669
2711
2693
2690
2684
2680
2697
2682
2704
2684
2685
2713
2668
2680
2689
2679
2695
2684
2680
2689
2676
2695
2682
2679
2697
2689
2682
2683
2691
2685
2684
2683
2721
2682
2684
2699
2684
2718
2681
2681
2653
2669
2688
2684
2686
2679
2686
2702
2687
2684
2684
2669
2684
2689
2678
2683
2685
2704
2714
2696
2682
2688
2687
2701
2683
2682
2696
2681
2721
2686
2698
2712
2687
2693
2685
2686
2680
2677
2683
2685
2689
2685
2689
2685
2684
2699
2686
2688
2687
2704
2686
2699
2671
2712
2685
2676
2690
2685
2694
2703
2685
2647
2700
2687
2674
2684
2685
2686
2687
2705
2684
2693
2684
2688
2687
2687
2706
2697
2578
2692
2695
2705
2722
2691
2687
2692
2689
2699
2686
2684
2685
2685
2696
2694
2687
2684
2680
2685
2701
2683
2696
2683
2697
2691
2672
2680
2688
2708
2687
2682
2699
2685
2698
2705
2689
2682
2685
2710
2734
2684
2684
2683
2684
2707
2713
2702
2687
2686
2689
2690
2689
2687
2681
2685
2685
2687
2674
2709
2686
2658
2696
2676
2695
2716
2686
2683
2686
2683
2723
2683
2701
2702
2695
2696
2714
2690
2686
2684
2687
2682
2708
2693
2697
2690
2689
2716
2684
2693
2697
2688
2689
2688
2692
2688
2693
2723
2685
2703
2688
2690
2694
2685
2697
2709
2699
2690
2716
2694
2729
2687
2690
2675
2697
2691
2690
2688
2689
2691
2715
2688
2708
2687
2688
2689
2694
2687
2685
2693
2670
2701
2689
2691
2721
2692
2686
2690
2685
2678
2683
2684
2706
2687
2689
2687
2689
2697
2693
2684
2684
2682
2712
2710
2690
2686
2681
2679
2686
2702
2705
2692
2712
2689
2684
2695
2703
2690
2687
2705
2685
2694
2688
2690
2689
2694
2697
2689
2693
2683
2688
2692
2724
2686
2695
2690
2692
2683
2685
2684
2685
2688
2697
2685
2702
2694
2688
2685
2690
2689
2713
2691
2699
2690
2694
2688
2691
2691
2704
2729
2691
2695
2687
2700
2701
2719
2667
2686
2717
2693
2720
2677
2713
2695
2690
2691
2690
2687
2688
2691
2711
2706
2686
2698
2674
2704
2705
2686
2693
2686
2695
2682
2725
2704
2695
2689
2713
2688
2688
2692
2683
2702
2686
2706
2690
2700
2681
2692
2712
2673
2694
2698
2707
2684
2687
2696
2686
2704
2698
2701
2687
2692
2686
2690
2681
2686
2701
2748
2692
2688
2720
2687
2696
2694
2696
2702
2690
2687
2686
2694
2687
2686
2697
2704
2620
2700
2688
2690
2690
2693
2729
2707
2659
2684
2686
2694
2693
2706
2693
2693
2688
2666
2695
2687
2689
2692
2708
2690
2679
2684
2683
2685
2693
2691
2706
2687
2693
2686
2689
2672
2714
2690
2691
2696
2686
2688
2686
2637
2700
2713
2709
2689
2687
2698
2701
2685
2688
2715
2687
2687
2686
2691
2693
2697
2688
2713
2731
2688
2701
2690
2687
2706
2691
2687
2659
2686
2696
2689
2687
2685
2687
2687
2683
2685
2697
2691
2714
2685
2677
2701
2693
2715
2687
2687
2685
2686
2688
2690
2692
2680
2690
2693
2694
2688
2705
2684
2689
2706
2684
2696
2700
2695
2700
2693
2689
2705
2706
2687
2695
2694
2689
2687
2689
2672
2695
2697
2702
2690
2702
2702
2691
2686
2693
2687
2699
2694
2696
2686
2701
2690
2689
2690
2679
2686
2706
2690
2687
2693
2691
2694
2708
2724
2690
2690
2687
2688
2703
2690
2698
2686
2703
2689
2705
2709
2688
2712
2693
2694
2676
2690
2698
2688
2700
2690
2696
2705
2689
2650
2701
2718
2689
2701
2689
2693
2689
2659
2697
2695
2694
2692
2697
2680
2693
2693
2682
2696
2699
2701
2694
2689
2693
2694
2702
2668
2683
2687
2705
2690
2691
2702
2693
2691
2688
2684
2696
2698
2694
2691
2696
2691
2681
2704
2691
2713
2689
2698
2717
2687
2698
2688
2717
2691
2693
2698
2689
2703
2692
2753
2693
2692
2687
2703
2691
2690
2690
2703
2676
2717
2687
2688
2691
2690
2706
2701
2695
2689
2687
2686
2686
2689
2689
2686
2687
2705
2715
2690
2687
2691
2689
2688
2688
2692
2685
2693
2690
2689
2709
2706
2690
2699
2710
2703
2690
2693
2690
2693
2689
2694
2708
2696
2690
2692
2703
2689
2688
2690
2694
2695
2659
2696
2716
2701
2703
2699
2705
2690
2679
2719
2697
2692
2703
2691
2695
2714
2690
2690
2688
2701
2708
2691
2698
2693
2714
2702
2736
2714
2695
2693
2696
2691
2701
2687
2693
2683
2691
2694
2694
2717
2691
2695
2710
2708
2697
2691
2690
2694
2704
2693
2706
2719
2688
2710
2696
2690
2686
2690
2693
2694
2693
2690
2696
2694
2692
2704
2690
2690
2692
2714
2692
2693
2701
2694
2686
2681
2699
2700
2709
2686
2686
2693
2694
2690
2697
2716
2696
2683
2712
2690
2686
2700
2691
2718
2692
2681
2707
2689
2708
2706
2688
2697
2690
2706
2689
2714
2701
2694
2689
2691
2689
2714
2688
2679
2688
2696
2693
2708
2694
2690
2689
2701
2682
2681
2697
2691
2693
2703
2700
2694
2658
2707
2696
2692
2703
2693
2693
2697
2699
2698
2700
2720
2691
2695
2686
2715
2691
2677
2693
2710
2693
2694
2703
2689
2691
2696
2650
2696
2689
2695
2692
2692
2694
2697
2723
2699
2695
2705
2690
2700
2696
2695
2719
2688
2693
2692
2700
2706
2701
2716
2696
2707
2695
2698
2703
2694
2695
2692
2691
2701
2704
2693
2688
2698
2691
2693
2700
2700
2712
2698
2699
2700
2718
2694
2692
2689
2696
2702
2687
2717
2696
2691
2690
2694
2694
2715
2696
2692
2693
2690
2696
2693
2696
2696
2697
2701
2703
2713
2695
2692
2689
2691
2696
2602
2682
2681
2686
2687
2694
2688
2690
2689
2695
2690
2694
2692
2729
2716
2696
2711
2695
2700
2687
2703
2695
2687
2694
2699
2711
2688
2705
2694
2692
2693
2702
2689
2696
2693
2698
2703
2708
2689
2690
2692
2695
2691
2681
2636
2708
2700
2721
2693
2691
2706
2690
2696
2707
2694
2708
2705
2706
2694
2694
2694
2696
2692
2688
2695
2694
2692
2694
2694
2693
2686
2693
2691
2691
2699
2698
2696
2697
2709
2690
2689
2697
2699
2690
2693
2690
2676
2690
2692
2694
2691
2701
2694
2712
2695
2718
2686
2711
2696
2690
2694
2696
2696
2758
2690
2693
2690
2694
2691
2695
2713
2705
2680
2726
2692
2695
2707
2701
2688
2694
2687
2670
2695
2701
2696
2693
2712
2694
2693
2688
2667
2695
2693
2690
2693
2725
2695
2699
2704
2698
2703
2695
2694
2690
2699
2696
2695
2640
2699
2716
2733
2678
2695
2695
2697
2697
2689
2710
2705
2707
2693
2707
2705
2700
2728
2699
2690
2687
2697
2696
2695
2711
2711
2687
2689
2711
2692
2694
2703
2690
2699
2676
2691
2718
2688
2691
2691
2689
2704
2671
2711
2693
2717
2698
2710
2700
2697
2696
2693
2695
2708
2700
2702
2721
2678
2700
2690
2693
2714
2694
2686
2698
2722
2696
2704
2698
2693
2694
2686
2696
2697
2692
2704
2721
2674
2723
2718
2691
2693
2698
2703
2693
2663
2697
2727
2694
2691
2708
2694
2693
2706
2685
2695
2694
2696
2691
2694
2707
2698
2694
2717
2713
2709
2724
2693
2704
2708
2698
2695
2696
2693
2715
2718
2693
2696
2712
2695
2749
2691
2701
2699
2696
2695
2710
2700
2710
2695
2712
2702
2694
2699
2705
2684
2697
2697
2710
2698
2688
2697
2695
2694
2707
2706
2706
2695
2691
2697
2696
2690
2698
2681
2735
2701
2697
2701
2692
2708
2698
2689
2697
2693
2706
2697
2694
2715
2694
2697
2720
2706
2701
2690
2700
2694
2698
2695
2698
2698
2701
2696
2697
2689
2694
2695
2690
2700
2690
2689
2713
2711
2705
2690
2702
2703
2717
2699
2693
2692
2697
2694
2717
2695
2722
2692
2691
2698
2689
2698
2691
2693
2694
2705
2686
2692
2699
2694
2696
2695
2696
2727
2693
2696
2693
2700
2711
2710
2714
2694
2710
2702
2691
2697
2703
2700
2699
2707
2704
2711
2712
2705
2701
2695
2701
2694
2712
2707
2693
2721
2724
2707
2698
2702
2695
2686
2701
2730
2697
2694
2698
2694
2696
2725
2698
2690
2696
2696
2698
2691
2692
2701
2709
2701
2699
2706
2697
2708
2693
2695
2699
2702
2686
2690
2705
2694
2701
2710
2703
2696
2705
2724
2692
2701
2698
2704
2693
2704
2696
2690
2702
2723
2695
2703
2713
2692
2703
2695
2700
2710
2709
2701
2692
2712
2726
2690
2686
2693
2695
2697
2705
2697
2694
2702
2699
2708
2697
2695
2695
2697
2709
2700
2729
2690
2683
2701
2700
2702
2698
2707
2698
2701
2693
2700
2719
2699
2698
2727
2708
2705
2699
2724
2694
2700
2695
2700
2694
2697
2693
2706
2726
2684
2717
2693
2695
2705
2707
2695
2720
2690
2709
2695
2705
2693
2693
2701
2693
2683
2699
2695
2727
2696
2703
2721
2688
2712
2700
2688
2719
2711
2699
2700
2707
2722
2720
2698
2693
2709
2697
2695
2694
2687
2685
2703
2710
2694
2708
2696
2693
2692
2719
2699
2691
2701
2738
2713
2693
2712
2694
2696
2640
2724
2696
2696
2710
2694
2693
2704
2716
2683
2705
2694
2697
2690
2700
2694
2693
2694
2710
2701
2702
2725
2693
2698
2703
2695
2694
2698
2698
2694
2691
2694
2703
2681
2699
2700
2707
2708
2701
2694
2697
2695
2721
2701
2663
2706
2695
2710
2696
2695
2697
2695
2698
2695
2705
2705
2694
2704
2712
2694
2688
2700
2698
2712
2718
2692
2700
2690
2696
2721
2699
2694
2696
2695
2702
2695
2717
2693
2679
2702
2699
2704
2697
2698
2700
2696
2699
2685
2689
2700
2733
2699
2713
2700
2681
2701
2696
2701
2713
2715
2700
2698
2679
2711
2694
2695
2701
2697
2695
2694
2707
2644
2711
2713
2708
2720
2697
2696
2700
2717
2702
2697
2701
2700
2690
2697
2699
2695
2754
2696
2696
2692
2693
2702
2692
2699
2699
2679
2747
2698
2697
2712
2709
2695
2693
2718
2695
2700
2708
2697
2697
2694
2726
2701
2705
2687
2691
2701
2698
2697
2696
2697
2699
2703
2691
2727
2693
2709
2688
2698
2720
2719
2698
2694
2689
2691
2698
2688
2698
2697
2674
2695
2694
2695
2701
2702
2693
2694
2693
2695
2695
2700
2712
2690
2693
2709
2695
2698
2732
2696
2695
2719
2694
2698
2723
2706
2692
2719
2700
2696
2709
2693
2695
2696
2725
2684
2701
2703
2694
2689
2690
2708
2713
2712
2700
2703
2705
2696
2718
2693
2699
2695
2692
2696
2694
2704
2692
2696
2698
2704
2707
2696
2689
2692
2723
2704
2715
2721
2694
2709
2694
2688
2694
2698
2703
2692
2694
2716
2689
2695
2696
2703
2696
2697
2694
2696
2706
2701
2693
2695
2698
2693
2723
2701
2684
2690
2693
2694
2689
2694
2694
2702
2695
2678
2731
2724
2701
2706
2713
2715
2728
2706
2697
2694
2693
2693
2690
2697
2695
2697
2704
2675
2689
2693
2704
2692
2694
2699
2695
2693
2703
2700
2695
2706
2710
2697
2697
2695
2751
2694
2709
2692
2696
2698
2701
2695
2698
2705
2719
2693
2688
2709
2692
2703
2703
2723
2704
2691
2698
2698
2691
2724
2705
2695
2724
2726
2709
2703
2698
2694
2695
2701
2693
2692
2742
2693
2693
2714
2709
2711
2694
2694
2701
2698
2713
2695
2696
2694
2696
2689
2715
2699
2694
2696
2694
2697
2696
2681
2702
2695
2701
2698
2695
2688
2682
2696
2703
2689
2711
2697
2704
2696
2696
2703
2731
2719
2714
2693
2694
2704
2694
2691
2691
2712
2703
2710
2695
2698
2693
2689
2695
2696
2709
2670
2690
2694
2698
2690
2696
2704
2697
2729
2699
2693
2712
2694
2692
2699
2692
2700
2695
2699
2701
2695
2741
2688
2691
2710
2674
2688
2696
2709
2694
2698
2696
2697
2701
2696
2714
2709
2693
2692
2696
2728
2689
2701
2701
2700
2698
2692
2700
2698
2697
2685
2691
2705
2707
2698
2708
2730
2698
2697
2687
2705
2718
2698
2706
2686
2701
2690
2705
2670
2697
2699
2693
2703
2701
2695
2706
2697
2696
2702
2701
2707
2698
2700
2695
2719
2686
2696
2693
2700
2697
2693
2694
2699
2702
2699
2705
2699
2741
2693
2697
2694
2700
2736
2696
2697
2712
2696
2699
2697
2697
2713
2714
2716
2697
2698
2732
2697
2696
2693
2706
2694
2691
2699
2690
2695
2693
2697
2693
2722
2693
2690
2698
2720
2695
2708
2701
2724
2697
2678
2698
2696
2698
2707
2709
2694
2625
2695
2695
2694
2693
2689
2693
2708
2697
2718
2725
2704
2697
2702
2695
2707
2707
2696
2699
2706
2695
2694
2708
2698
2725
2693
2680
2695
2691
2708
2693
2715
2695
2695
2728
2691
2698
2699
2735
2695
2698
2691
2694
2716
2715
2693
2704
2718
2694
2696
2698
2700
2700
2696
2696
2695
2695
2726
2713
2723
2694
2694
2695
2700
2693
2694
2697
2697
2722
2694
2691
2694
2695
2715
2696
2693
2694
2658
2714
2698
2701
2698
2700
2710
2696
2693
2717
2706
2690
2698
2693
2697
2705
2701
2681
2693
2691
2699
2696
2719
2703
2696
2693
2723
2698
2695
2694
2736
2697
2694
2688
2733
2693
2700
2696
2711
2696
2697
2699
2690
2677
2696
2691
2692
2695
2721
2693
2691
2684
2692
2706
2713
2694
2717
2701
2701
2694
2692
2706
2696
2699
2690
2693
2698
2706
2699
2732
2688
2694
2692
2696
2721
2691
2688
2694
2690
2691
2694
2709
2689
2691
2694
2689
2710
2698
2718
2700
2693
2724
2697
2689
2691
2705
2684
2696
2693
2696
2703
2691
2695
2611
2689
2700
2694
2700
2699
2700
2695
2711
2700
2695
2696
2693
2714
2683
2687
2689
2693
2739
2701
2687
2695
2698
2712
2695
2690
2694
2748
2695
2698
2703
2718
2714
2695
2697
2698
2685
2695
2682
2695
2683
2694
2679
2708
2726
2693
2700
2695
2722
2691
2697
2690
2705
2688
2691
2695
2691
2695
2695
2697
2695
2690
2693
2695
2700
2700
2703
2703
2697
2699
2685
2695
2690
2693
2697
2697
2707
2703
2687
2701
2706
2695
2696
2722
2690
2734
2695
2695
2694
2699
2694
2720
2699
2687
2692
2718
2695
2688
2696
2690
2712
2688
2725
2643
2702
2690
2694
2691
2694
2692
2692
2701
2683
2682
2713
2706
2702
2692
2692
2690
2708
2680
2705
2700
2706
2695
2692
2698
2684
2691
2642
2691
2696
2693
2697
2692
2692
2697
2730
2696
2703
2707
2698
2693
2697
2690
2698
2786
2694
2691
2692
2692
2686
2692
2717
2711
2688
2703
2701
2691
2693
2689
2726
2722
2695
2695
2701
2705
2696
2693
2694
2705
2694
2712
2695
2688
2703
2706
2692
2690
2701
2691
2700
2697
2690
2700
2708
2721
2694
2694
2737
2702
2717
2708
2711
2691
2689
2694
2701
2701
2696
2707
2710
2693
2696
2688
2709
2660
2693
2694
2690
2692
2701
2701
2714
2693
2711
2721
2692
2700
2692
2690
2697
2686
2665
2702
2700
2690
2703
2689
2693
2702
2703
2683
2698
2703
2725
2694
2693
2706
2697
2691
2690
2691
2690
2721
2686
2713
2695
2698
2668
2715
2690
2695
2691
2713
2697
2703
2693
2693
2689
2693
2690
2698
2698
2693
2690
2697
2708
2696
2702
2724
2700
2726
2696
2694
2705
2703
2693
2699
2694
2695
2695
2711
2696
2675
2693
2689
2695
2698
2699
2687
2700
2742
2691
2690
2693
2706
2694
2701
2693
2691
2706
2703
2680
2698
2703
2698
2690
2690
2703
2687
2693
2705
2721
2695
2690
2699
2693
2704
2665
2694
2707
2707
2690
2698
2720
2686
2694
2691
2718
2696
2689
2713
2690
2696
2706
2710
2704
2696
2694
2691
2694
2694
2694
2652
2688
2691
2693
2687
2693
2693
2694
2700
2695
2702
2691
2695
2691
2687
2722
2718
2648
2688
2689
2707
2690
2701
2693
2693
2702
2695
2681
2676
2691
2691
2696
2693
2695
2689
2691
2691
2708
2705
2723
2686
2688
2690
2717
2693
2694
2689
2689
2706
2690
2676
2698
2695
2691
2684
2692
2690
2693
2691
2690
2701
2693
2731
2698
2694
2696
2700
2690
2676
2716
2689
2693
2704
2716
2690
2691
2696
2659
2692
2691
2695
2690
2688
2694
2689
2680
2681
2703
2687
2694
2688
2705
2703
2692
2686
2694
2694
2713
2692
2691
2692
2693
2703
2696
2689
2690
2680
2698
2715
2706
2690
2692
2659
2675
2694
2695
2716
2693
2693
2703
2712
2690
2698
2721
2707
2692
2695
2692
2691
2728
2695
2693
2688
2699
2703
2685
2690
2707
2690
2690
2701
2707
2698
2713
2701
2691
2649
2690
2693
2671
2685
2691
2687
2690
2706
2691
2702
2700
2685
2689
2700
2692
2722
2664
2687
2705
2699
2689
2695
2696
2723
2689
2704
2697
2702
2691
2700
2696
2690
2694
2684
2688
2710
2718
2691
2715
2688
2694
2698
2687
2687
2697
2707
2688
2691
2704
2718
2716
2691
2693
2707
2702
2690
2689
2707
2683
2697
2698
2691
2689
2690
2693
2698
2693
2686
2703
2689
2687
2688
2697
2685
2700
2640
2701
2691
2693
2696
2690
2693
2693
2691
2697
2703
2696
2690
2693
2686
2694
2689
2694
2703
2704
2689
2697
2688
2688
2711
2710
2681
2714
2705
2737
2690
2690
2689
2702
2689
2689
2695
2690
2702
2689
2689
2691
2693
2693
2718
2699
2690
2687
2703
2689
2713
2691
2693
2683
2705
2695
2713
2692
2689
2691
2708
2625
2690
2690
2696
2690
2701
2696
2712
2702
2684
2702
2693
2693
2695
2689
2691
2730
2673
2717
2687
2702
2688
2694
2694
2693
2686
2696
2698
2693
2693
2694
2699
2694
2693
2704
2691
2697
2722
2696
2696
2691
2690
2689
2686
2698
2695
2694
2697
2693
2691
2694
2697
2689
2679
2688
2693
2696
2688
2689
2690
2671
2687
2698
2690
2691
2691
2670
2692
2697
2725
2671
2690
2694
2693
2693
2700
2691
2685
2691
2694
2688
2701
2689
2687
2703
2687
2697
2688
2690
2704
2694
2710
2688
2694
2682
2693
2687
2691
2686
2689
2693
2690
2698
2694
2683
2690
2718
2710
2689
2694
2691
2694
2696
2700
2724
2688
2709
2687
2690
2699
2690
2691
2713
2715
2688
2689
2703
2687
2685
2694
2697
2689
2690
2717
2717
2688
2700
2715
2690
2695
2697
2689
2695
2708
2694
2683
2706
2696
2689
2697
2688
2691
2690
2686
2694
2690
2693
2690
2688
2692
2687
2688
2704
2715
2683
2701
2689
2696
2696
2719
2689
2691
2690
2681
2689
2690
2688
2690
2689
2697
2664
2709
2697
2690
2709
2693
2689
2700
2702
2688
2692
2688
2687
2697
2690
2707
2692
2742
2716
2690
2701
2690
2696
2691
2700
2689
2705
2687
2701
2683
2687
2697
2701
2691
2667
2689
2691
2693
2696
2705
2693
2691
2689
2689
2700
2683
2695
2691
2691
2716
2699
2713
2679
2699
2687
2689
2695
2687
2685
2697
2702
2712
2692
2687
2687
2701
2697
2716
2687
2685
2666
2687
2703
2690
2704
2700
2699
2689
2692
2688
2686
2691
2694
2689
2693
2687
2687
2731
2692
2692
2689
2723
2686
2710
2715
2685
2690
2687
2690
2690
2686
2701
2690
2684
2711
2682
2703
2689
2691
2702
2692
2719
2689
2664
2684
2690
2690
2689
2692
2718
2686
2702
2692
2691
2687
2685
2704
2702
2690
2710
2711
2682
2690
2687
2689
2691
2690
2690
2700
2696
2696
2687
2689
2688
2688
2705
2687
2695
2689
2690
2693
2693
2693
2697
2686
2728
2695
2687
2689
2705
2699
2700
2703
2693
2680
2693
2684
2690
2690
2697
2689
2710
2685
2669
2693
2686
2693
2708
2674
2720
2689
2698
2684
2691
2700
2689
2699
2694
2700
2693
2685
2694
2718
2692
2694
2702
2687
2691
2693
2689
2676
2688
2693
2690
2686
2672
2707
2661
2686
2687
2694
2698
2708
2716
2700
2707
2698
2692
2700
2691
2698
2701
2686
2701
2699
2688
2686
2690
2687
2704
2737
2686
2698
2716
2688
2688
2686
2695
2699
2684
2694
2700
2688
2689
2691
2692
2690
2688
2689
2700
2741
2691
2689
2688
2691
2705
2689
2697
2643
2692
2696
2686
2690
2691
2678
2707
2694
2746
2690
2689
2700
2703
2690
2691
2686
2703
2690
2693
2686
2691
2687
2692
2694
2694
2698
2687
2688
2688
2699
2694
2698
2698
2719
2718
2685
2693
2740
2694
2691
2697
2698
2686
2691
2714
2691
2691
2689
2684
2715
2687
2686
2687
2705
2687
2697
2686
2688
2689
2683
2675
2712
2698
2715
2689
2693
2701
2683
2669
2694
2690
2687
2688
2703
2684
2695
2692
2705
2704
2689
2698
2685
2697
2687
2689
2734
2702
2696
2706
2680
2699
2718
2694
2714
2684
2679
2708
2697
2688
2728
2687
2691
2655
2700
2698
2688
2698
2691
2695
2706
2686
2715
2704
2689
2702
2695
2693
2690
2691
2698
2689
2690
2689
2687
2674
2688
2701
2713
2590
2686
2689
2695
2685
2690
2714
2686
2686
2686
2688
2706
2693
2673
2704
2689
2684
2693
2699
2694
2689
2690
2703
2688
2688
2712
2683
2696
2685
2691
2691
2687
2677
2701
2690
2696
2687
2684
2690
2691
2710
2694
2693
2710
2683
2688
2688
2685
2689
2698
2685
2694
2690
2689
2713
2707
2710
2686
2697
2688
2677
2704
2688
2703
2715
2709
2693
2689
2690
2663
2704
2696
2690
2713
2690
2698
2687
2689
2687
2705
2688
2687
2688
2700
2685
2687
2718
2716
2696
2694
2688
2691
2685
2695
2690
2688
2691
2725
2690
2691
2689
2693
2687
2696
2670
2682
2685
2697
2694
2692
2693
2686
2695
2690
2691
2696
2687
2687
2686
2687
2692
2662
2683
2696
2698
2690
2688
2733
2688
2693
2717
2691
2695
2702
2690
2688
2689
2693
2678
2691
2694
2688
2690
2689
2690
2688
2662
2680
2690
2694
2703
2688
2687
2697
2679
2687
2695
2721
2707
2728
2689
2693
2685
2674
2668
2686
2689
2691
2700
2700
2688
2706
2697
2691
2687
2687
2688
2690
2686
2694
2687
2697
2693
2711
2691
2690
2698
2689
2695
2690
2653
2705
2688
2695
2686
2686
2688
2692
2698
2686
2700
2702
2685
2689
2689
2695
2690
2645
2679
2693
2694
2691
2708
2688
2691
2679
2690
2705
2689
2686
2687
2687
2693
2693
2725
2695
2689
2688
2693
2691
2696
2700
2695
2687
2690
2699
2718
2689
2685
2690
2698
2632
2707
2689
2690
2691
2685
2721
2706
2712
2685
2688
2668
2689
2707
2712
2689
2712
2690
2694
2688
2701
2689
2689
2690
2715
2674
2682
2695
2691
2690
2688
2691
2687
2688
2733
2693
2700
2692
2687
2686
2690
2692
2669
2681
2695
2696
2694
2690
2688
2699
2688
2706
2686
2718
2685
2687
2688
2685
2688
2699
2735
2698
2697
2687
2688
2687
2699
2693
2689
2698
2686
2672
2694
2691
2693
2689
2693
2679
2687
2690
2689
2692
2695
2689
2689
2689
2719
2709
2692
2689
2686
2688
2689
2689
2698
2715
2687
2701
2689
2687
2687
2689
2690
2652
2689
2693
2705
2690
2702
2694
2691
2694
2694
2681
2719
2689
2690
2702
2694
2684
2696
2694
2699
2694
2686
2705
2689
2688
2688
2688
2703
2689
2691
2691
2703
2686
2689
2685
2690
2696
2684
2691
2686
2697
2683
2691
2704
2686
2687
2700
2672
2690
2699
2693
2684
2710
2681
2689
2708
2689
2683
2717
2687
2704
2681
2696
2686
2687
2692
2687
2697
2674
2697
2673
2681
2687
2687
2694
2689
2693
2713
2676
2688
2695
2710
2689
2684
2686
2696
2693
2690
2688
2689
2690
2696
2691
2709
2663
2686
2691
2686
2687
2689
2691
2688
2685
2665
2715
2718
2683
2710
2685
2704
2690
2686
2697
2712
2688
2688
2718
2699
2687
2693
2690
2681
2686
2717
2711
2685
2702
2685
2721
2689
2712
2708
2695
2707
2687
2687
2688
2697
2680
2688
2675
2689
2685
2705
2684
2683
2661
2707
2711
2695
2706
2683
2690
2687
2689
2697
2690
2687
2692
2677
2687
2714
2684
2655
2691
2689
2694
2687
2690
2687
2684
2687
2693
2693
2688
2686
2708
2688
2688
2693
2680
2669
2706
2685
2690
2690
2693
2690
2691
2694
2698
2700
2703
2701
2686
2693
2686
2698
2690
2680
2687
2708
2711
2675
2715
2684
2713
2675
2681
2693
2693
2688
2686
2689
2686
2679
2689
2687
2690
2689
2689
2686
2699
2688
2696
2668
2689
2693
2721
2686
2672
2687
2697
2689
2683
2717
2693
2687
2709
2691
2687
2657
2688
2698
2723
2688
2693
2685
2691
2682
2684
2685
2690
2701
2689
2695
2699
2686
2672
2685
2686
2699
2689
2683
2682
2706
2709
2695
2698
2712
2687
2687
2699
2691
2680
2688
2699
2682
2699
2688
2686
2690
2697
2684
2727
2682
2690
2702
2700
2686
2690
2690
2687
2688
2683
2686
2688
2689
2689
2688
2686
2731
2688
2689
2685
2692
2691
2689
2683
2712
2671
2706
2688
2694
2688
2684
2693
2685
2686
2687
2691
2699
2692
2687
2688
2687
2700
2675
2712
2672
2689
2691
2692
2693
2688
2695
2718
2688
2686
2714
2686
2689
2685
2688
2642
2704
2702
2690
2688
2687
2699
2689
2687
2688
2704
2686
2691
2690
2714
2702
2706
2723
2720
2690
2705
2716
2691
2706
2716
2729
2681
2688
2691
2689
2683
2707
2686
2696
2684
2689
2705
2707
2690
2685
2689
2689
2713
2662
2699
2701
2683
2707
2692
2717
2693
2715
2711
2691
2686
2690
2689
2702
2687
2688
2688
2688
2697
2689
2693
2689
2687
2688
2690
2686
2685
2717
2688
2690
2711
2689
2681
2677
2699
2695
2690
2690
2687
2695
2687
2701
2687
2710
2688
2713
2689
2695
2690
2661
2665
2687
2687
2686
2687
2687
2690
2699
2680
2716
2697
2684
2689
2689
2695
2693
2715
2667
2695
2690
2684
2675
2683
2732
2689
2693
2686
2681
2697
2686
2704
2688
2685
2683
2699
2691
2702
2687
2688
2689
2690
2699
2721
2715
2695
2685
2721
2706
2694
2694
2718
2689
2686
2701
2686
2689
2674
2688
2717
2712
2620
2723
2688
2689
2691
2702
2690
2716
2702
2687
2689
2699
2692
2718
2699
2724
2713
2658
2708
2701
2687
2687
2688
2702
2699
2685
2682
2688
2686
2695
2690
2690
2701
2700
2662
2694
2684
2714
2696
2691
2678
2692
2720
2681
2688
2686
2688
2686
2691
2693
2701
2671
2688
2700
2689
2717
2720
2689
2688
2687
2667
2686
2681
2694
2686
2690
2710
2691
2710
2684
2685
2689
2689
2721
2693
2713
2686
2653
2690
2687
2667
2688
2688
2682
2691
2690
2689
2695
2699
2688
2708
2685
2687
2703
2712
2693
2686
2687
2684
2688
2687
2688
2685
2686
2689
2690
2714
2698
2690
2681
2690
2688
2701
2689
2709
2699
2692
2691
2687
2710
2685
2694
2700
2700
2692
2682
2697
2688
2683
2688
2704
2687
2710
2687
2685
2696
2686
2678
2689
2689
2683
2676
2690
2691
2720
2694
2704
2694
2685
2687
2685
2686
2687
2694
2663
2715
2689
2688
2686
2699
2686
2696
2669
2708
2688
2684
2689
2688
2701
2711
2691
2661
2688
2694
2687
2688
2684
2718
2690
2691
2665
2690
2691
2691
2685
2689
2690
2692
2707
2687
2680
2711
2694
2689
2683
2699
2687
2673
2692
2687
2673
2690
2688
2689
2689
2735
2691
2685
2715
2675
2693
2695
2693
2728
2725
2686
2698
2698
2681
2685
2686
2699
2710
2691
2687
2696
2698
2690
2687
2687
2707
2697
2690
2728
2698
2689
2689
2696
2689
2687
2733
2687
2709
2685
2684
2688
2689
2689
2702
2715
2694
2682
2695
2696
2687
2706
2721
2654
2687
2688
2688
2695
2689
2689
2702
2700
2689
2685
2712
2689
2684
2688
2702
2686
2693
2707
2687
2689
2688
2720
2712
2716
2708
2722
2677
2716
2706
2687
2686
2689
2690
2689
2691
2678
2705
2688
2691
2688
2693
2683
2642
2688
2687
2703
2701
2689
2686
2717
2687
2692
2708
2685
2692
2689
2713
2699
2688
2725
2685
2705
2701
2686
2688
2699
2689
2682
2681
2697
2698
2686
2684
2688
2712
2713
2619
2688
2685
2684
2688
2692
2684
2699
2681
2646
2682
2688
2686
2709
2699
2713
2713
2712
2703
2694
2692
2688
2687
2685
2699
2699
2676
2692
2704
2697
2694
2687
2688
2686
2697
2688
2714
2690
2691
2697
2687
2730
2703
2687
2660
2697
2695
2685
2713
2702
2712
2686
2688
2694
2687
2690
2705
2686
2688
2694
2695
2669
2689
2690
2689
2683
2687
2690
2701
2709
2681
2689
2692
2688
2703
2686
2689
2690
2698
2684
2715
2689
2683
2691
2689
2703
2660
2692
2690
2705
2715
2688
2687
2688
2689
2711
2708
2693
2687
2700
2696
2688
2686
2689
2714
2689
2702
2686
2696
2687
2689
2693
2690
2638
2678
2689
2705
2690
2688
2716
2690
2689
2688
2697
2687
2693
2692
2734
2688
2689
2686
2693
2705
2690
2688
2696
2688
2678
2691
2704
2690
2693
2705
2722
2693
2691
2676
2713
2688
2688
2689
2691
2689
2690
2689
2692
2690
2690
2690
2691
2685
2715
2736
2684
2757
2684
2690
2680
2700
2694
2715
2688
2684
2697
2685
2687
2693
2694
2699
2696
2692
2710
2698
2689
2688
2704
2695
2706
2678
2650
2686
2685
2685
2689
2691
2691
2694
2690
2674
2688
2694
2691
2685
2687
2688
2697
2704
2679
2688
2691
2699
2704
2713
2688
2689
2690
2706
2720
2693
2702
2717
2687
2703
2686
2690
2713
2692
2693
2701
2689
2699
2685
2690
2693
2685
2707
2694
2698
2705
2702
2705
2691
2702
2697
2685
2687
2699
2695
2691
2690
2697
2715
2696
2682
2683
2686
2692
2689
2686
2691
2640
2724
2689
2690
2689
2687
2691
2690
2699
2704
2714
2695
2689
2692
2690
2686
2690
2665
2689
2688
2702
2689
2696
2687
2687
2689
2686
2685
2687
2697
2689
2699
2709
2686
2723
2689
2689
2692
2690
2687
2689
2707
2694
2656
2684
2691
2717
2688
2692
2689
2695
2708
2691
2690
2684
2697
2699
2693
2690
2723
2742
2699
2691
2699
2698
2690
2688
2687
2695
2696
2698
2698
2721
2697
2701
2698
2688
2644
2688
2692
2693
2689
2700
2720
2692
2701
2690
2699
2689
2706
2686
2687
2694
2695
2694
2696
2701
2690
2702
2689
2691
2694
2693
2708
2680
2697
2702
2682
2689
2691
2698
2671
2690
2706
2695
2709
2703
2720
2693
2694
2727
2668
2736
2691
2692
2686
2720
2696
2690
2682
2736
2695
2695
2700
2699
2691
2691
2691
2691
2693
2695
2690
2693
2696
2702
2705
2698
2742
2693
2691
2686
2691
2694
2691
2687
2716
2691
2699
2720
2696
2690
2691
2696
2737
2715
2705
2699
2691
2698
2681
2689
2681
2679
2686
2699
2694
2705
2692
2709
2694
2705
2693
2691
2690
2703
2715
2709
2690
2690
2690
2732
2681
2690
2693
2690
2697
2691
2696
2688
2708
2718
2712
2693
2689
2708
2690
2687
2646
2699
2696
2719
2695
2691
2707
2698
2687
2699
2707
2697
2704
2690
2689
2690
2699
2701
2680
2691
2694
2691
2690
2691
2694
2690
2690
2661
2687
2711
2691
2702
2717
2691
2700
2701
2695
2693
2687
2714
2704
2688
2692
2703
2719
2691
2693
2701
2700
2690
2688
2710
2701
2679
2685
2710
2687
2688
2691
2688
2690
2684
2694
2689
2687
2691
2687
2704
2699
2691
2682
2691
2691
2703
2691
2692
2693
2707
2717
2690
2682
2690
2722
2692
2687
2689
2689
2701
2687
2693
2693
2691
2716
2689
2691
2667
2695
2687
2697
2690
2693
2690
2701
2705
2693
2692
2688
2693
2693
2716
2712
2691
2668
2699
2702
2705
2693
2690
2690
2690
2690
2717
2685
2694
2709
2690
2691
2701
2694
2692
2687
2683
2691
2716
2693
2690
2693
2695
2723
2719
2706
2691
2691
2693
2690
2694
2694
2636
2691
2703
2710
2690
2690
2674
2695
2691
2687
2690
2689
2701
2710
2693
2700
2693
2702
2695
2690
2688
2703
2686
2686
2692
2687
2705
2689
2719
2689
2691
2689
2707
2693
2718
2689
2678
2683
2685
2686
2703
2693
2684
2687
2713
2692
2716
2708
2690
2686
2688
2685
2700
2686
2685
2698
2692
2689
2699
2692
2691
2689
2688
2718
2683
2689
2686
2717
2693
2687
2711
2700
2704
2695
2702
2708
2698
2687
2710
2691
2694
2702
2699
2690
2691
2703
2709
2698
2698
2688
2693
2690
2680
2686
2687
2698
2704
2690
2698
2697
2686
2691
2682
2716
2708
2688
2695
2702
2695
2702
2568
2695
2714
2689
2691
2693
2714
2689
2693
2687
2718
2696
2691
2717
2704
2689
2689
2711
2693
2695
2685
2702
2694
2690
2719
2700
2690
2672
2693
2687
2695
2692
2690
2710
2697
2685
2694
2694
2687
2706
2700
2696
2708
2693
2678
2703
2693
2687
2697
2699
2695
2697
2706
2686
2689
2697
2690
2686
2695
2690
2704
2713
2700
2693
2694
2689
2690
2696
2718
2698
2662
2686
2689
2693
2691
2688
2688
2698
2678
2689
2695
2690
2686
2695
2702
2695
2718
2639
2694
2712
2701
2693
2690
2689
2703
2699
2684
2698
2715
2700
2695
2708
2705
2694
2643
2694
2689
2714
2691
2698
2690
2692
2686
2700
2681
2695
2698
2712
2699
2696
2689
2728
2723
2692
2702
2686
2701
2696
2691
2716
2750
2694
2688
2708
2703
2687
2685
2689
2692
2700
2691
2699
2694
2729
2691
2700
2691
2664
2721
2674
2687
2689
2694
2704
2688
2693
2689
2689
2689
2690
2699
2692
2684
2678
2688
2719
2702
2698
2691
2716
2693
2692
2714
2715
2714
2691
2693
2691
2693
2689
2590
2705
2692
2689
2708
2696
2695
2690
2692
2695
2690
2712
2693
2690
2690
2694
2689
2598
2679
2694
2700
2712
2706
2688
2698
2707
2703
2683
2693
2694
2694
2690
2693
2710
2741
2700
2699
2700
2689
2692
2690
2717
2696
2712
2685
2705
2709
2693
2693
2715
2693
2690
2685
2695
2699
2697
2696
2699
2688
2691
2686
2689
2697
2694
2714
2695
2705
2685
2693
2689
2686
2691
2700
2696
2702
2692
2699
2665
2713
2693
2697
2691
2716
2691
2714
2690
2689
2705
2710
2693
2707
2692
2698
2697
2675
2703
2694
2691
2695
2720
2697
2694
2709
2756
2682
2691
2694
2718
2695
2708
2704
2668
2704
2695
2697
2689
2675
2703
2691
2694
2695
2677
2699
2699
2716
2687
2697
2694
2693
2694
2690
2691
2698
2697
2696
2695
2693
2696
2712
2700
2695
2698
2695
2689
2703
2695
2693
2688
2687
2706
2694
2694
2689
2694
2706
2682
2696
2691
2691
2696
2693
2695
2721
2690
2705
2701
2697
2692
2697
2695
2694
2695
2691
2717
2698
2715
2700
2691
2691
2701
2698
2762
2703
2695
2713
2696
2693
2701
2691
2687
2698
2690
2689
2696
2690
2703
2704
2688
2707
2709
2699
2694
2691
2699
2688
2706
2694
2727
2702
2688
2705
2693
2693
2705
2695
2676
2686
2691
2692
2720
2705
2699
2696
2699
2664
2698
2692
2691
2708
2692
2700
2709
2709
2690
2713
2693
2693
2706
2696
2689
2691
2717
2691
2695
2693
2697
2693
2695
2692
2697
2679
2701
2693
2709
2696
2696
2689
2689
2695
2718
2689
2693
2697
2707
2694
2698
2690
2710
2701
2693
2689
2692
2692
2702
2696
2708
2678
2721
2704
2693
2698
2703
2706
2695
2687
2722
2692
2719
2708
2703
2700
2730
2690
2726
2749
2719
2707
2691
2697
2693
2695
2704
2695
2690
2696
2691
2700
2694
2696
2703
2694
2720
2695
2701
2698
2693
2709
2697
2693
2692
2694
2691
2710
2726
2700
2689
2697
2722
2669
2706
2694
2698
2693
2696
2695
2698
2693
2703
2710
2716
2696
2708
2696
2696
2708
2697
2692
2704
2729
2694
2691
2697
2703
2703
2685
2717
2697
2706
2700
2698
2695
2696
2695
2726
2691
2700
2706
2709
2690
2706
2723
2698
2686
2695
2700
2703
2692
2692
2698
2697
2679
2724
2698
2688
2706
2695
2694
2689
2715
2710
2714
2697
2688
2694
2719
2701
2691
2695
2634
2699
2708
2692
2701
2705
2701
2715
2698
2685
2690
2694
2717
2718
2693
2710
2712
2687
2695
2704
2706
2692
2691
2702
2690
2688
2686
2705
2704
2699
2690
2693
2695
2690
2696
2692
2694
2691
2698
2701
2699
2739
2695
2661
2696
2693
2689
2706
2698
2711
2696
2702
2683
2705
2701
2697
2688
2690
2711
2705
2697
2692
2690
2703
2696
2690
2699
2724
2690
2666
2684
2713
2710
2695
2688
2688
2711
2689
2720
2698
2694
2707
2695
2696
2716
2689
2710
2709
2684
2707
2697
2694
2696
2689
2699
2695
2691
2689
2695
2694
2708
2711
2689
2692
2666
2707
2704
2695
2695
2704
2688
2720
2696
2699
2691
2683
2686
2700
2697
2710
2703
2684
2715
2694
2694
2690
2692
2690
2720
2690
2740
2686
2702
2694
2696
2693
2691
2698
2702
2699
2699
2708
2691
2695
2722
2690
2690
2709
2694
2695
2695
2696
2695
2688
2689
2691
2657
2682
2687
2693
2691
2695
2703
2694
2719
2732
2694
2693
2699
2696
2697
2687
2701
2719
2728
2738
2710
2695
2691
2690
2698
2727
2692
2696
2695
2695
2691
2697
2697
2697
2706
2694
2704
2702
2689
2690
2688
2696
2697
2697
2693
2693
2690
2692
2696
2695
2707
2711
2699
2692
2713
2687
2699
2696
2693
2700
2698
2700
2694
2695
2689
2707
2694
2676
2679
2693
2702
2695
2688
2694
2710
2698
2669
2701
2702
2694
2691
2697
2706
2716
2688
2672
2718
2687
2698
2707
2711
2711
2722
2689
2712
2699
2700
2698
2689
2700
2689
2706
2708
2690
2691
2711
2693
2698
2699
2706
2721
2693
2707
2703
2704
2694
2697
2693
2715
2698
2691
2671
2700
2691
2700
2698
2697
2696
2689
2707
2686
2705
2696
2694
2699
2722
2693
2691
2663
2707
2695
2695
2719
2695
2693
2695
2687
2698
2699
2695
2698
2694
2695
2696
2699
2724
2697
2690
2696
2701
2694
2704
2696
2695
2708
2695
2695
2705
2696
2697
2731
2695
2701
2696
2709
2693
2692
2690
2695
2694
2686
2685
2725
2703
2693
2693
2693
2711
2696
2709
2690
2703
2705
2697
2695
2694
2694
2712
2717
2706
2705
2695
2698
2694
2694
2691
2700
2753
2704
2705
2698
2690
2693
2692
2693
2699
2703
2699
2695
2693
2694
2698
2694
2694
2711
2724
2695
2697
2692
2714
2690
2694
2690
2698
2720
2704
2696
2693
2695
2709
2692
2729
2695
2698
2701
2694
2695
2696
2695
2695
2694
2696
2716
2693
2691
2699
2700
2683
2696
2697
2697
2698
2697
2698
2695
2692
2694
2674
2700
2697
2694
2699
2702
2698
2716
2706
2719
2688
2694
2698
2698
2705
2689
2694
2672
2694
2706
2697
2698
2694
2696
2703
2700
2693
2704
2698
2690
2689
2693
2700
2694
2691
2700
2697
2694
2696
2697
2695
2712
2696
2699
2632
2709
2699
2700
2694
2694
2696
2688
2691
2695
2709
2700
2714
2695
2698
2703
2710
2663
2693
2696
2692
2700
2701
2700
2696
2693
2691
2698
2699
2694
2712
2719
2706
2697
2710
2697
2705
2697
2706
2696
2711
2716
2695
2707
2690
2694
2701
2697
2698
2699
2706
2712
2727
2697
2704
2705
2707
2698
2698
2678
2703
2700
2699
2694
2696
2722
2697
2694
2662
2696
2701
2719
2690
2714
2696
2692
2697
2674
2698
2698
2696
2698
2698
2703
2723
2696
2698
2694
2697
2698
2710
2696
2716
2696
2699
2717
2699
2695
2698
2709
2702
2698
2697
2675
2703
2694
2677
2694
2702
2697
2694
2681
2700
2699
2724
2699
2695
2698
2713
2697
2763
2713
2725
2713
2697
2694
2697
2691
2695
2711
2690
2695
2716
2695
2697
2699
2697
2681
2700
2699
2694
2717
2708
2694
2700
2704
2714
2694
2695
2700
2698
2695
2698
2718
2685
2691
2720
2700
2692
2698
2702
2696
2698
2683
2728
2698
2697
2694
2726
2707
2697
2727
2695
2720
2706
2706
2704
2696
2696
2723
2699
2687
2698
2721
2694
2695
2695
2716
2696
2694
2710
2690
2697
2698
2714
2698
2700
2723
2696
2698
2698
2693
2696
2712
2714
2699
2739
2709
2705
2698
2720
2713
2697
2725
2709
2700
2707
2719
2700
2698
2697
2697
2705
2685
2692
2701
2693
2694
2722
2691
2697
2697
2715
2706
2695
2695
2696
2697
2696
2706
2721
2665
2699
2718
2733
2714
2691
2710
2696
2682
2688
2701
2708
2718
2724
2698
2705
2740
2698
2693
2691
2717
2705
2696
2692
2705
2678
2689
2695
2697
2691
2699
2698
2704
2694
2695
2700
2716
2695
2697
2696
2699
2712
2683
2719
2697
2697
2710
2695
2694
2676
2694
2693
2704
2712
2697
2695
2706
2691
2706
2695
2710
2697
2743
2689
2700
2697
2698
2691
2696
2652
2702
2712
2695
2689
2693
2718
2708
2706
2699
2711
2693
2698
2694
2701
2699
2695
2674
2689
2692
2707
2696
2704
2692
2743
2642
2721
2695
2708
2697
2691
2703
2701
2716
2673
2700
2694
2704
2695
2694
2693
2710
2706
2684
2707
2692
2703
2698
2700
2703
2697
2695
2689
2698
2692
2698
2706
2686
2700
2694
2682
2705
2713
2696
2696
2694
2697
2702
2696
2687
2708
2703
2697
2693
2697
2691
2709
2651
2716
2702
2699
2727
2724
2697
2699
2697
2697
2716
2689
2717
2698
2693
2708
2692
2707
2705
2683
2706
2699
2696
2699
2695
2728
2703
2720
2688
2708
2698
2707
2695
2707
2745
2720
2692
2703
2696
2720
2698
2697
2710
2724
2701
2702
2693
2718
2672
2694
2693
2694
2696
2712
2692
2695
2701
2697
2696
2697
2704
2681
2716
2696
2719
2698
2690
2689
2693
2737
2697
2718
2702
2708
2695
2698
2702
2694
2672
2696
2703
2696
2701
2722
2697
2700
2708
2704
2695
2702
2725
2721
2696
2714
2696
2691
2709
2697
2715
2700
2696
2701
2696
2721
2709
2699
2698
2697
2695
2696
2713
2697
2701
2676
2703
2705
2696
2705
2699
2699
2698
2659
2715
2717
2699
2714
2721
2694
2697
2713
2729
2690
2706
2697
2694
2696
2699
2698
2699
2719
2702
2696
2695
2707
2693
2726
2693
2760
2691
2715
2696
2695
2698
2700
2702
2717
2696
2699
2709
2697
2693
2705
2715
2695
2662
2694
2706
2699
2686
2716
2693
2696
2677
2725
2696
2700
2698
2697
2699
2699
2697
2696
2698
2696
2705
2697
2698
2701
2699
2703
2713
2692
2707
2698
2707
2711
2726
2697
2705
2693
2708
2696
2695
2697
2676
2714
2661
2708
2699
2704
2722
2700
2708
2709
2701
2706
2697
2707
2714
2711
2696
2699
2697
2697
2670
2700
2696
2705
2695
2700
2698
2698
2693
2696
2687
2724
2704
2703
2701
2702
2722
2729
2698
2694
2695
2697
2723
2709
2698
2698
2729
2719
2709
2696
2693
2704
2697
2694
2680
2691
2697
2696
2694
2699
2700
2696
2700
2733
2720
2704
2695
2698
2701
2698
2695
2730
2701
2696
2700
2700
2706
2710
2693
2703
2747
2707
2698
2695
2696
2695
2707
2699
2711
2717
2691
2737
2698
2692
2695
2695
2707
2722
2702
2693
2723
2691
2692
2694
2702
2758
2686
2699
2699
2721
2704
2694
2699
2699
2722
2705
2697
2699
2711
2697
2717
2695
2658
2701
2701
2699
2723
2694
2709
2690
2706
2738
2703
2693
2701
2697
2695
2704
2696
2707
2684
2712
2697
2693
2707
2709
2696
2695
2690
2700
2697
2696
2700
2699
2698
2699
2695
2699
2697
2699
2711
2699
2711
2695
2704
2683
2697
2695
2700
2699
2699
2705
2693
2737
2702
2702
2701
2701
2687
2709
2692
2693
2689
2698
2699
2703
2708
2692
2707
2701
2627
2701
2701
2694
2701
2705
2706
2726
2698
2700
2688
2694
2699
2703
2698
2698
2697
2779
2701
2694
2696
2686
2696
2700
2695
2696
2697
2709
2703
2698
2709
2699
2701
2706
2724
2699
2696
2699
2710
2707
2693
2700
2702
2741
2703
2721
2702
2696
2716
2676
2693
2711
2696
2709
2716
2720
2695
2696
2700
2699
2697
2707
2696
2714
2712
2696
2731
2701
2701
2708
2720
2727
2697
2724
2701
2684
2696
2698
2705
2697
2693
2696
2695
2727
2701
2712
2697
2687
2692
2698
2695
2713
2702
2696
2701
2673
2700
2704
2700
2721
2694
2697
2697
2738
2724
2702
2699
2694
2694
2698
2706
2696
2705
2734
2709
2702
2696
2698
2700
2698
2702
2742
2706
2695
2698
2697
2731
2701
2696
2700
2732
2712
2703
2704
2693
2712
2697
2694
2704
2696
2697
2697
2698
2695
2719
2694
2712
2703
2715
2715
2693
2704
2695
2695
2704
2697
2717
2708
2710
2719
2698
2698
2702
2697
2660
2719
2692
2704
2717
2708
2694
2708
2695
2711
2697
2733
2696
2698
2700
2700
2698
2685
2700
2701
2705
2698
2694
2700
2696
2700
2663
2682
2708
2702
2699
2711
2704
2703
2699
2697
2690
2702
2701
2696
2699
2696
2721
2634
2708
2694
2694
2724
2697
2695
2708
2701
2689
2683
2694
2702
2700
2698
2713
2699
2694
2688
2699
2700
2702
2706
2694
2696
2707
2706
2759
2698
2715
2711
2701
2697
2711
2701
2707
2693
2706
2697
2707
2719
2697
2714
2697
2731
2697
2693
2697
2706
2695
2694
2716
2690
2696
2697
2703
2695
2691
2700
2700
2697
2712
2703
2697
2701
2704
2699
2709
2699
2701
2699
2697
2698
2697
2704
2697
2696
2707
2718
2729
2690
2698
2697
2716
2691
2694
2714
2719
2711
2700
2706
2718
2703
2704
2695
2675
2698
2700
2718
2698
2699
2697
2696
2706
2734
2726
2722
2699
2696
2701
2701
2714
2700
2707
2703
2695
2695
2700
2712
2697
2721
2709
2697
2709
2691
2698
2707
2709
2718
2697
2675
2700
2698
2696
2719
2714
2704
2709
2666
2713
2691
2703
2703
2697
2710
2697
2691
2680
2716
2704
2717
2700
2711
2703
2698
2698
2701
2695
2697
2706
2698
2699
2726
2697
2737
2697
2697
2697
2714
2695
2703
2697
2695
2717
2722
2708
2711
2706
2716
2697
2694
2710
2712
2698
2697
2702
2709
2727
2697
2702
2672
2699
2709
2695
2696
2709
2702
2699
2700
2709
2697
2699
2699
2740
2699
2693
2699
2688
2703
2697
2700
2712
2700
2695
2695
2698
2698
2680
2709
2698
2699
2706
2701
2696
2672
2706
2699
2696
2711
2695
2702
2696
2698
2695
2708
2701
2701
2698
2709
2694
2728
2713
2693
2704
2717
2700
2707
2699
2714
2698
2697
2722
2694
2700
2700
2706
2698
2716
2700
2713
2710
2694
2700
2707
2723
2707
2709
2698
2713
2713
2707
2695
2701
2701
2701
2700
2697
2735
2706
2707
2699
2697
2702
2694
2699
2705
2703
2700
2718
2708
2718
2699
2695
2688
2717
2700
2702
2697
2703
2701
2708
2710
2723
2723
2695
2695
2720
2706
2698
2695
2714
2696
2701
2697
2694
2695
2699
2722
2707
2700
2706
2696
2698
2701
2701
2700
2715
2697
2697
2695
2697
2689
2701
2710
2711
2678
2700
2704
2706
2711
2697
2709
2702
2691
2726
2697
2695
2711
2704
2700
2718
2694
2741
2727
2695
2695
2701
2701
2708
2698
2690
2707
2696
2698
2708
2701
2696
2700
2700
2705
2731
2698
2709
2696
2700
2692
2702
2695
2673
2709
2698
2702
2703
2696
2706
2719
2701
2686
2724
2713
2706
2694
2701
2723
2695
2700
2704
2722
2704
2696
2699
2703
2699
2706
2649
2714
2702
2703
2697
2706
2710
2711
2685
2701
2702
2699
2697
2704
2697
2707
2697
2678
2743
2696
2700
2719
2702
2700
2700
2704
2703
2689
2711
2723
2708
2698
2698
2696
2619
2695
2700
2701
2702
2704
2699
2700
2695
2668
2714
2720
2702
2697
2707
2698
2707
2700
2699
2710
2697
2696
2700
2699
2701
2721
2714
2693
2724
2725
2743
2697
2716
2705
2708
2705
2738
2699
2705
2708
2711
2718
2700
2779
2719
2707
2699
2701
2717
2702
2701
2722
2704
2680
2696
2714
2708
2700
2701
2702
2701
2723
2701
2699
2697
2697
2701
2702
2698
2694
2676
2697
2701
2698
2700
2701
2706
2708
2692
2707
2702
2702
2702
2713
2701
2712
2700
2707
2713
2699
2701
2700
2696
2717
2722
2705
2698
2703
2713
2698
2702
2698
2695
2699
2693
2695
2720
2701
2699
2699
2699
2706
2698
2701
2709
2715
2699
2709
2718
2715
2695
2713
2703
2697
2703
2699
2701
2709
2700
2689
2686
2716
2701
2701
2701
2699
2710
2703
2697
2693
2707
2707
2696
2711
2702
2714
2720
2704
2701
2711
2697
2698
2698
2687
2710
2707
2724
2703
2701
2697
2712
2705
2726
2690
2690
2716
2701
2708
2700
2686
2702
2699
2687
2679
2706
2697
2704
2722
2702
2717
2709
2698
2700
2702
2698
2684
2695
2702
2702
2705
2753
2717
2699
2695
2696
2699
2696
2705
2670
2698
2711
2706
2698
2705
2731
2707
2725
2724
2690
2700
2701
2694
2702
2706
2701
2721
2696
2700
2702
2699
2700
2716
2708
2700
2686
2698
2701
2709
2701
2700
2702
2699
2696
2667
2708
2698
2727
2702
2722
2705
2705
2714
2724
2697
2708
2698
2701
2718
2709
2704
2701
2684
2699
2695
2705
2714
2696
2702
2713
2700
2719
2716
2699
2699
2728
2700
2700
2712
2671
2704
2730
2696
2712
2702
2718
2709
2697
2741
2696
2700
2697
2702
2701
2712
2700
2699
2701
2734
2710
2697
2697
2699
2714
2698
2711
2715
2702
2709
2703
2701
2721
2708
2690
2705
2699
2702
2698
2702
2701
2715
2699
2703
2703
2741
2728
2698
2726
2702
2695
2683
2718
2709
2725
2701
2699
2702
2698
2698
2706
2699
2701
2702
2708
2706
2700
2696
2685
2674
2707
2697
2711
2700
2724
2700
2696
2671
2721
2696
2698
2705
2698
2724
2702
2710
2684
2699
2696
2705
2702
2741
2713
2699
2699
2700
2705
2698
2702
2700
2702
2701
2699
2723
2703
2697
2698
2701
2700
2700
2702
2722
2718
2701
2697
2709
2702
2698
2710
2705
2692
2699
2696
2707
2700
2700
2700
2702
2695
2743
2704
2714
2702
2713
2704
2714
2707
2696
2702
2700
2698
2703
2696
2697
2699
2696
2695
2697
2701
2699
2698
2705
2701
2706
2705
2723
2706
2697
2701
2698
2705
2710
2721
2708
2705
2711
2700
2708
2700
2702
2698
2702
2754
2702
2706
2701
2700
2698
2705
2712
2697
2706
2687
2705
2698
2703
2699
2703
2700
2661
2741
2704
2704
2709
2722
2700
2698
2745
2726
2721
2705
2697
2709
2697
2697
2712
2750
2705
2703
2706
2701
2697
2724
2700
2702
2717
2696
2706
2708
2711
2698
2714
2744
2711
2705
2698
2698
2700
2699
2698
2699
2723
2706
2701
2698
2697
2700
2699
2713
2708
2704
2724
2712
2698
2699
2708
2706
2696
2706
2696
2695
2700
2703
2700
2699
2722
2701
2716
2715
2710
2723
2704
2720
2707
2701
2704
2643
2706
2702
2702
2701
2700
2700
2704
2697
2704
2713
2710
2711
2701
2703
2717
2702
2712
2701
2700
2700
2698
2698
2703
2711
2700
2693
2701
2705
2704
2697
2703
2700
2697
2702
2704
2694
2709
2728
2699
2704
2728
2707
2739
2712
2730
2699
2713
2724
2699
2710
2699
2700
2737
2696
2701
2700
2700
2701
2700
2717
2699
2707
2703
2705
2699
2696
2714
2698
2706
2722
2699
2701
2690
2699
2701
2706
2702
2689
2699
2697
2694
2700
2710
2700
2705
2727
2693
2709
2704
2699
2698
2713
2698
2700
2715
2689
2694
2703
2721
2703
2699
2710
2703
2703
2699
2703
2724
2683
2700
2697
2700
2706
2709
2701
2703
2700
2700
2707
2713
2696
2691
2703
2695
2704
2701
2700
2717
2708
2713
2671
2701
2712
2702
2705
2707
2709
2704
2684
2702
2714
2719
2707
2701
2702
2700
2725
2740
2701
2703
2697
2696
2708
2724
2718
2690
2716
2712
2701
2713
2699
2695
2704
2699
2723
2700
2702
2707
2712
2702
2698
2703
2706
2767
2694
2697
2712
2713
2700
2703
2698
2722
2711
2702
2703
2701
2702
2700
2702
2711
2660
2713
2701
2707
2699
2710
2712
2703
2690
2721
2698
2707
2700
2706
2705
2706
2707
2767
2698
2705
2706
2698
2717
2710
2734
2703
2696
2708
2701
2699
2713
2705
2701
2701
2704
2706
2700
2697
2700
2699
2702
2708
2722
2695
2706
2716
2700
2707
2712
2700
2726
2705
2718
2706
2703
2702
2712
2718
2701
2703
2546
2693
2702
2700
2701
2700
2697
2708
2706
2704
2708
2695
2720
2701
2703
2700
2701
2702
2741
2703
2709
2704
2702
2701
2700
2712
2701
2646
2701
2708
2698
2698
2700
2700
2705
2700
2699
2716
2697
2699
2690
2707
2698
2710
2716
2720
2701
2707
2699
2702
2698
2706
2704
2697
2701
2701
2697
2708
2699
2721
2702
2686
2701
2710
2728
2731
2699
2711
2699
2702
2672
2694
2709
2708
2698
2697
2728
2699
2705
2712
2725
2695
2696
2699
2699
2699
2699
2698
2704
2704
2698
2700
2724
2723
2698
2696
2703
2683
2699
2706
2703
2702
2729
2702
2714
2701
2716
2706
2701
2729
2705
2701
2701
2690
2715
2705
2720
2700
2706
2702
2708
2713
2721
2707
2699
2701
2704
2707
2708
2717
2698
2722
2709
2703
2713
2717
2704
2705