
12
19
3
28
7
12
9
8
7
3
8
18
11
3
6
9
10
12
13
25
9
18
11
0
8
7
14
3
0
0
27
15
6
0
5
7
23
9
0
7
36
5
9
7
6
9
10
5
9
8
14
19
11
0
5
0
36
13
10
24
0
0
0
6
0
26
8
4
8
10
45
8
1
9
9
9
5
12
24
29
20
7
0
6
9
2
9
14
0
40
14
22
12
18
0
10
6
0
8
5
11
8
0
6
0
5
7
0
2
25
8
8
6
8
7
34
5
8
9
15
11
7
18
12
17
9
0
9
10
14
2
5
9
7
9
5
10
14
6
12
0
5
9
4
5
14
0
15
9
7
5
6
0
7
10
4
8
10
25
5
28
10
9
10
4
8
5
7
18
0
8
5
14
10
3
8
0
34
14
7
10
0
0
6
9
5
16
0
10
7
27
7
9
31
0
14
28
8
8
19
7
7
9
5
7
13
10
6
6
0
2
11
60
8
9
14
9
9
0
10
7
7
16
0
9
2
7
8
7
7
0
0
6
18
10
9
0
16
9
4
7
7
7
6
2
8
4
7
8
8
19
6
29
9
28
8
11
10
0
7
6
5
11
8
8
8
0
2
7
6
7
3
7
2
5
8
5
5
4
5
10
7
16
14
10
10
9
5
12
0
4
5
8
7
13
5
5
23
6
8
9
5
0
9
3
26
7
12
5
9
16
6
7
11
3
23
3
26
0
11
0
1
10
11
10
9
5
10
7
5
5
9
9
0
7
4
6
8
7
13
5
0
6
12
26
63
6
8
0
0
13
9
33
2
6
16
0
4
31
9
0
16
32
10
5
5
24
7
21
0
1
11
10
7
2
8
0
0
9
7
9
0
4
5
8
0
6
12
2
13
3
9
7
21
7
10
5
6
7
5
7
9
8
0
6
12
7
5
10
30
0
9
4
6
6
5
7
8
7
7
4
8
7
5
6
9
6
7
6
39
5
6
3
22
7
0
10
7
0
7
0
7
11
5
0
7
0
5
6
5
6
7
7
0
7
9
8
8
14
5
0
3
6
7
0
5
5
16
11
13
3
0
6
7
6
6
9
6
8
16
18
25
7
5
32
1
12
5
0
9
0
9
0
4
8
7
0
36
9
8
6
45
42
6
8
41
5
57
37
10
20
6
10
8
0
1
5
29
7
0
51
4
0
7
7
5
10
3
4
9
35
0
32
9
6
10
9
7
33
4
7
10
9
50
11
6
9
12
34
6
34
23
24
43
28
0
13
3
0
6
8
31
0
5
10
1
2
0
4
10
6
11
1
26
5
2
36
5
10
10
11
7
4
5
8
7
6
14
2
0
11
4
7
9
5
12
8
4
11
12
7
6
5
4
31
8
2
7
13
8
7
2
8
8
4
0
17
10
2
6
9
6
7
63
7
7
6
0
7
8
2
6
2
5
9
7
9
13
8
8
7
8
7
6
0
7
10
11
7
13
2
5
10
0
0
7
22
11
7
6
8
0
2
5
1
0
5
0
7
11
21
33
13
8
6
6
22
0
6
8
7
5
34
13
7
5
0
0
0
0
11
17
47
14
6
28
0
7
0
3
7
32
6
6
0
5
8
5
2
2
5
15
8
4
18
12
7
0
7
4
9
7
7
0
21
0
33
8
15
3
9
7
11
5
3
7
0
5
0
2
19
13
0
16
9
5
8
6
6
7
37
6
0
0
6
6
19
4
24
15
5
0
0
0
34
0
11
28
12
7
9
17
11
7
12
17
9
29
6
6
4
1
7
6
31
6
8
28
0
0
13
24
3
5
3
0
0
0
8
7
8
51
3
0
9
9
7
7
0
23
0
6
4
17
5
8
32
15
13
13
10
9
7
8
6
10
7
14
35
8
18
7
36
8
10
5
20
17
11
0
4
8
7
6
0
4
8
5
0
7
18
14
0
56
35
7
9
4
7
4
31
6
22
7
6
8
7
4
26
4
4
5
7
8
5
0
0
0
9
7
3
4
0
0
3
13
17
9
3
7
8
0
3
18
11
12
6
0
14
7
30
7
8
5
17
0
0
8
4
0
4
20
5
8
5
7
13
5
8
9
7
0
6
24
0
4
9
4
5
6
6
37
0
9
0
0
7
10
34
0
2
0
6
5
8
39
4
7
9
8
6
0
4
4
9
6
3
26
1
14
5
22
27
6
9
4
10
0
13
14
3
4
7
8
20
6
0
0
12
8
0
9
0
21
4
7
49
20
8
5
9
6
22
8
8
9
4
0
7
10
9
6
0
5
30
13
8
9
13
0
6
6
8
9
7
29
5
7
9
2
7
6
7
0
8
0
8
0
21
1
6
8
11
4
8
23
4
24
11
33
6
35
0
7
35
9
0
28
17
6
12
7
14
6
13
8
11
7
4
7
9
4
7
7
34
5
0
12
31
0
8
8
14
3
21
9
9
5
8
2
10
2
0
14
7
13
13
9
9
12
29
10
8
7
12
18
4
0
17
0
7
0
5
11
10
8
22
0
34
8
8
0
19
0
15
10
29
0
5
7
0
6
4
8
6
4
5
0
8
7
20
0
16
19
0
5
13
0
7
0
5
0
7
6
15
7
7
12
6
9
0
7
0
19
7
7
9
7
6
8
6
7
36
29
7
0
7
16
18
5
10
22
6
4
10
0
0
7
0
26
9
5
6
24
8
7
25
10
8
8
7
14
0
5
9
0
7
13
4
6
5
5
38
18
10
5
13
8
29
16
1
3
16
0
11
39
17
29
9
4
13
23
20
6
6
5
0
15
8
4
0
10
6
8
20
24
22
29
5
23
0
8
12
8
6
0
8
12
0
0
0
5
8
5
8
7
0
25
13
0
7
15
33
12
6
7
6
0
0
9
33
4
9
7
9
11
17
42
6
0
5
9
7
10
4
9
21
14
12
0
5
10
8
0
26
6
11
5
6
14
12
7
7
7
14
7
10
8
8
1
5
10
6
0
11
0
25
2
31
15
4
7
3
14
7
10
6
19
9
14
10
0
29
38
15
9
0
16
9
10
3
5
13
21
4
5
0
7
34
7
6
0
5
9
5
6
36
0
7
5
6
0
6
8
18
8
7
11
6
9
3
6
8
0
7
26
10
22
9
5
8
2
3
7
9
22
6
8
9
0
0
37
5
11
8
4
0
7
7
10
7
13
7
10
2
13
6
6
6
40
10
0
16
15
16
16
24
6
22
0
7
8
11
15
7
7
10
22
4
4
10
5
7
7
10
18
8
15
0
5
10
3
7
0
0
10
5
8
5
5
30
14
4
38
8
0
30
0
7
0
9
8
41
7
11
15
9
4
6
9
32
0
8
19
15
6
0
14
50
0
18
10
0
37
10
8
9
8
15
2
7
8
7
0
5
8
5
7
9
8
33
5
10
7
8
5
6
10
0
11
5
5
1
5
25
0
0
0
7
7
4
8
11
2
11
4
7
13
17
4
9
9
0
36
18
0
27
5
6
8
0
11
22
7
5
8
0
3
5
8
8
7
6
8
48
5
26
4
24
12
23
4
22
39
2
8
14
9
13
2
8
5
5
4
7
6
7
7
6
3
7
65
7
7
10
10
6
20
8
0
2427
3085
3089
3021
3089
3092
3008
3085
3084
3074
3122
3110
3095
3099
3052
3056
2985
3106
3005
3103
3095
3146
3146
3181
3152
3170
3157
3167
3155
3161
3164
3161
3160
3169
3171
3178
3167
3186
3176
3171
3170
3179
3176
3191
3182
3185
3182
3190
3183
3186
3188
3182
3186
3185
3232
3207
3189
3191
3197
3196
3189
3225
3193
3192
3205
3196
3203
3200
3206
3194
3214
3228
3210
3213
3234
3206
3208
3211
3210
3210
3230
3209
3237
3217
3213
3219
3217
3219
3216
3217
3243
3219
3219
3221
3239
3241
3226
3222
3239
3225
3221
3268
3240
3223
3237
3244
3225
3256
3254
3230
3236
3230
3226
3229
3264
3237
3234
3228
3242
3238
3240
3243
3245
3237
3235
3235
3236
3238
3237
3239
3247
3244
3256
3237
3240
3246
3245
3243
3242
3259
3254
3261
3250
3245
3246
3256
3248
3249
3248
3259
3248
3251
3249
3262
3255
3254
3238
3266
3253
3234
3252
3257
3253
3255
3280
3266
3252
3256
3256
3258
3278
3261
3264
3261
3260
3275
3265
3262
3265
3265
3258
3281
3266
3256
3263
3266
3268
3304
3267
3272
3268
3269
3267
3273
3267
3271
3282
3267
3312
3268
3287
3270
3273
3270
3318
3277
3274
3268
3277
3273
3273
3282
3275
3281
3275
3274
3276
3276
3289
3276
3276
3281
3285
3283
3299
3285
3280
3284
3283
3291
3311
3294
3287
3280
3279
3281
3299
3285
3288
3292
3280
3282
3297
3284
3289
3284
3288
3289
3282
3288
3289
3285
3287
3289
3294
3286
3303
3290
3330
3289
3280
3291
3294
3288
3288
3292
3298
3294
3296
3289
3304
3309
3302
3291
3308
3292
3292
3294
3293
3290
3292
3299
3311
3295
3297
3304
3313
3296
3293
3308
3326
3296
3301
3316
3323
3301
3294
3318
3303
3304
3300
3301
3299
3327
3300
3300
3304
3320
3307
3302
3306
3306
3304
3303
3306
3312
3308
3307
3324
3307
3323
3308
3316
3310
3310
3308
3323
3302
3357
3306
3318
3307
3326
3311
3313
3313
3316
3311
3305
3317
3310
3311
3311
3307
3341
3314
3316
3311
3311
3324
3325
3311
3315
3323
3311
3312
3339
3314
3319
3313
3315
3316
3318
3314
3330
3310
3324
3314
3339
3362
3322
3315
3335
3313
3318
3317
3327
3317
3296
3317
3315
3316
3320
3335
3319
3329
3362
3314
3324
3323
3323
3318
3325
3324
3326
3325
3330
3327
3326
3326
3320
3340
3325
3328
3346
3322
3329
3340
3327
3324
3359
3330
3330
3334
3322
3330
3321
3323
3328
3332
3332
3327
3327
3328
3329
3343
3339
3327
3333
3326
3327
3342
3332
3339
3326
3331
3333
3328
3357
3343
3328
3359
3333
3334
3334
3355
3329
3335
3332
3363
3346
3354
3327
3331
3330
3341
3331
3334
3363
3336
3363
3321
3341
3337
3344
3334
3338
3339
3353
3362
3343
3350
3334
3343
3333
3333
3345
3361
3348
3339
3337
3345
3347
3335
3335
3337
3342
3338
3339
3348
3347
3339
3336
3347
3340
3339
3356
3340
3345
3341
3344
3343
3341
3350
3348
3343
3358
3372
3340
3352
3340
3341
3343
3364
3357
3358
3345
3352
3342
3345
3340
3344
3348
3371
3347
3349
3346
3345
3343
3350
3341
3345
3347
3342
3355
3340
3343
3341
3340
3361
3342
3353
3349
3349
3354
3365
3344
3345
3354
3350
3352
3348
3354
3352
3351
3353
3360
3348
3355
3351
3351
3345
3354
3353
3352
3369
3350
3351
3348
3354
3350
3353
3347
3354
3363
3368
3355
3349
3350
3359
3360
3364
3356
3350
3354
3360
3350
3366
3361
3354
3363
3353
3359
3353
3369
3376
3348
3355
3350
3357
3359
3360
3355
3364
3353
3351
3373
3366
3362
3355
3361
3372
3356
3368
3357
3367
3359
3372
3362
3385
3372
3359
3368
3358
3405
3357
3363
3362
3357
3369
3370
3361
3357
3362
3358
3359
3387
3388
3366
3351
3383
3356
3360
3357
3385
3376
3384
3361
3359
3377
3367
3363
3374
3366
3364
3368
3377
3385
3377
3391
3361
3364
3376
3385
3370
3366
3362
3360
3361
3377
3366
3363
3363
3368
3360
3362
3369
3362
3364
3385
3365
3367
3364
3393
3361
3363
3364
3387
3363
3371
3368
3366
3368
3367
3363
3365
3361
3369
3368
3394
3376
3370
3367
3403
3368
3374
3372
3376
3368
3367
3375
3365
3369
3391
3377
3366
3371
3373
3376
3376
3372
3383
3373
3384
3390
3368
3374
3373
3371
3381
3396
3382
3370
3374
3370
3390
3370
3371
3370
3377
3377
3374
3384
3368
3370
3384
3379
3367
3402
3418
3386
3374
3379
3371
3381
3374
3379
3372
3388
3375
3377
3377
3379
3384
3392
3373
3372
3379
3376
3374
3374
3372
3374
3376
3374
3373
3373
3423
3403
3385
3379
3389
3381
3375
3380
3391
3389
3376
3378
3383
3380
3384
3378
3380
3379
3377
3381
3377
3378
3377
3406
3381
3410
3375
3394
3401
3412
3378
3377
3389
3380
3379
3383
3390
3380
3380
3383
3402
3380
3378
3375
3378
3375
3407
3383
3387
3380
3394
3386
3392
3381
3403
3389
3376
3379
3381
3380
3397
3378
3382
3379
3377
3408
3384
3389
3381
3406
3411
3383
3381
3379
3421
3397
3380
3383
3409
3385
3383
3389
3383
3392
3386
3387
3384
3396
3394
3380
3397
3386
3384
3383
3395
3403
3395
3392
3388
3386
3397
3383
3388
3391
3396
3436
3381
3396
3385
3385
3388
3390
3397
3390
3382
3386
3386
3389
3386
3385
3397
3389
3394
3368
3390
3388
3396
3390
3390
3389
3386
3394
3407
3389
3390
3392
3409
3387
3391
3385
3387
3390
3387
3399
3388
3388
3386
3389
3390
3394
3390
3412
3391
3387
3397
3405
3388
3407
3389
3390
3395
3393
3405
3389
3391
3389
3387
3392
3394
3409
3392
3394
3413
3394
3401
3397
3387
3398
3394
3447
3410
3391
3393
3393
3389
3395
3394
3399
3395
3391
3396
3391
3404
3404
3417
3394
3405
3396
3397
3395
3395
3420
3424
3401
3390
3396
3393
3393
3396
3402
3410
3393
3405
3404
3406
3399
3405
3392
3397
3394
3399
3392
3399
3399
3399
3395
3389
3398
3426
3424
3397
3394
3409
3397
3406
3415
3418
3411
3394
3396
3402
3395
3398
3398
3428
3395
3405
3405
3404
3395
3405
3420
3399
3395
3400
3398
3407
3395
3398
3413
3409
3400
3401
3405
3402
3401
3427
3404
3417
3398
3397
3400
3397
3398
3401
3408
3403
3400
3409
3400
3414
3423
3405
3412
3401
3399
3401
3405
3424
3409
3402
3406
3405
3411
3395
3403
3407
3413
3401
3402
3414
3411
3409
3401
3412
3399
3414
3414
3412
3402
3430
3403
3413
3404
3407
3405
3405
3414
3404
3405
3414
3443
3405
3405
3404
3450
3402
3400
3402
3406
3411
3402
3401
3403
3409
3409
3418
3404
3414
3404
3402
3411
3401
3401
3406
3408
3406
3427
3409
3404
3395
3398
3434
3428
3405
3414
3416
3423
3405
3417
3424
3431
3414
3403
3406
3423
3419
3406
3436
3408
3406
3406
3409
3412
3406
3407
3410
3421
3410
3406
3406
3444
3405
3411
3408
3404
3413
3404
3407
3418
3440
3408
3405
3430
3405
3416
3425
3410
3427
3406
3407
3435
3412
3409
3417
3415
3410
3422
3414
3430
3409
3409
3418
3413
3409
3425
3438
3406
3408
3426
3412
3411
3417
3419
3394
3423
3435
3407
3413
3425
3412
3412
3422
3415
3414
3419
3439
3414
3416
3414
3412
3414
3410
3416
3413
3434
3431
3410
3413
3410
3413
3414
3404
3413
3410
3412
3414
3412
3417
3414
3411
3420
3420
3412
3410
3414
3414
3417
3412
3413
3415
3420
3444
3409
3413
3423
3413
3422
3426
3436
3428
3431
3416
3420
3422
3456
3412
3428
3413
3415
3417
3437
3417
3435
3420
3414
3413
3411
3437
3415
3414
3415
3432
3417
3434
3416
3426
3417
3414
3412
3417
3396
3424
3434
3419
3420
3418
3418
3422
3417
3416
3418
3412
3427
3417
3419
3411
3414
3422
3426
3439
3416
3426
3418
3433
3423
3415
3414
3430
3430
3418
3417
3413
3440
3417
3428
3418
3418
3418
3419
3429
3413
3420
3428
3418
3420
3417
3417
3433
3418
3419
3422
3423
3419
3427
3441
3419
3414
3417
3437
3422
3463
3418
3422
3446
3422
3444
3425
3420
3422
3424
3447
3436
3419
3423
3420
3415
3426
3426
3442
3423
3420
3421
3422
3419
3417
3423
3427
3420
3436
3448
3422
3427
3420
3427
3422
3424
3422
3421
3419
3441
3428
3442
3427
3423
3427
3431
3425
3435
3421
3421
3455
3422
3441
3434
3456
3442
3423
3427
3422
3426
3427
3428
3426
3425
3435
3427
3417
3427
3429
3421
3438
3442
3420
3423
3425
3433
3426
3445
3428
3438
3435
3423
3427
3422
3427
3431
3445
3422
3429
3426
3446
3414
3426
3435
3425
3429
3424
3440
3427
3425
3427
3427
3451
3427
3451
3425
3427
3430
3432
3425
3428
3434
3429
3431
3422
3421
3421
3422
3426
3425
3425
3429
3429
3439
3437
3427
3455
3429
3428
3428
3428
3425
3429
3427
3443
3441
3443
3438
3430
3428
3432
3413
3437
3451
3437
3430
3431
3429
3454
3432
3435
3424
3425
3426
3425
3433
3430
3429
3434
3435
3440
3426
3434
3431
3444
3431
3429
3425
3445
3446
3431
3460
3425
3440
3428
3439
3430
3449
3457
3449
3428
3458
3431
3433
3453
3434
3430
3428
3432
3452
3425
3428
3428
3430
3436
3432
3432
3431
3456
3428
3437
3429
3434
3431
3429
3424
3447
3426
3439
3433
3432
3431
3436
3432
3462
3434
3449
3432
3456
3435
3439
3429
3458
3432
3428
3434
3442
3441
3440
3434
3448
3436
3434
3428
3433
3433
3442
3462
3439
3433
3440
3442
3435
3433
3444
3434
3440
3433
3460
3446
3441
3433
3432
3435
3433
3442
3444
3431
3443
3437
3442
3458
3449
3431
3457
3435
3439
3435
3432
3457
3431
3430
3435
3443
3439
3447
3433
3431
3435
3448
3435
3464
3441
3438
3436
3430
3449
3437
3435
3434
3432
3437
3435
3437
3438
3439
3438
3434
3464
3436
3438
3435
3447
3434
3437
3447
3459
3440
3450
3435
3445
3438
3437
3435
3460
3440
3438
3437
3453
3464
3438
3445
3443
3461
3437
3443
3439
3457
3448
3437
3435
3435
3450
3438
3432
3436
3446
3443
3436
3438
3441
3453
3437
3421
3434
3439
3436
3444
3440
3466
3444
3441
3441
3444
3438
3437
3451
3436
3433
3454
3444
3445
3441
3445
3438
3436
3440
3442
3444
3469
3437
3445
3451
3438
3443
3450
3447
3441
3465
3439
3438
3439
3440
3443
3438
3472
3438
3441
3437
3435
3450
3445
3440
3449
3439
3457
3446
3442
3439
3453
3438
3442
3444
3442
3438
3437
3437
3437
3440
3442
3439
3456
3444
3451
3438
3448
3439
3437
3438
3463
3440
3447
3440
3443
3451
3442
3441
3440
3436
3473
3454
3448
3467
3449
3451
3439
3450
3444
3452
3454
3445
3443
3441
3441
3446
3454
3441
3445
3448
3442
3451
3442
3446
3466
3443
3444
3439
3441
3449
3444
3472
3441
3461
3447
3439
3441
3445
3477
3447
3441
3465
3443
3443
3443
3444
3448
3444
3450
3472
3447
3442
3449
3465
3445
3441
3442
3449
3444
3457
3442
3456
3446
3448
3443
3448
3444
3448
3439
3445
3464
3462
3473
3443
3447
3472
3451
3447
3464
3453
3449
3445
3458
3441
3446
3442
3442
3447
3445
3442
3470
3446
3447
3449
3466
3456
3448
3483
3444
3451
3445
3447
3447
3451
3448
3445
3449
3443
3445
3445
3445
3443
3441
3440
3452
3446
3427
3450
3447
3448
3469
3452
3471
3448
3447
3446
3442
3445
3452
3476
3445
3455
3450
3449
3451
3450
3455
3445
3465
3449
3449
3442
3446
3453
3447
3449
3444
3446
3450
3448
3456
3454
3467
3445
3475
3450
3458
3454
3449
3450
3449
3447
3446
3444
3449
3444
3446
3455
3451
3457
3449
3448
3446
3462
3472
3446
3456
3453
3450
3449
3458
3463
3453
3464
3453
3448
3452
3463
3449
3457
3449
3447
3448
3455
3448
3456
3450
3450
3449
3445
3455
3456
3446
3468
3469
3447
3451
3467
3449
3479
3453
3452
3452
3475
3462
3454
3449
3454
3472
3456
3456
3452
3451
3445
3476
3450
3468
3449
3467
3459
3449
3446
3477
3452
3467
3467
3451
3448
3448
3448
3457
3448
3472
3450
3448
3452
3437
3463
3453
3454
3451
3482
3450
3451
3449
3458
3455
3451
3452
3454
3453
3447
3446
3449
3498
3452
3453
3473
3464
3451
3450
3471
3472
3458
3452
3450
3471
3454
3455
3452
3449
3451
3454
3467
3454
3452
3473
3450
3450
3452
3449
3460
3448
3457
3464
3474
3460
3450
3460
3457
3451
3455
3451
3451
3467
3455
3450
3452
3480
3467
3461
3455
3455
3463
3463
3479
3454
3458
3453
3465
3460
3452
3453
3467
3455
3460
3451
3456
3457
3457
3455
3454
3454
3459
3458
3473
3456
3458
3466
3474
3457
3490
3452
3452
3456
3451
3457
3451
3455
3460
3480
3454
3468
3463
3455
3471
3453
3446
3480
3453
3458
3454
3459
3469
3459
3455
3447
3481
3460
3454
3455
3455
3467
3469
3500
3466
3455
3462
3453
3455
3458
3459
3468
3457
3457
3469
3457
3465
3454
3490
3459
3453
3470
3456
3467
3451
3470
3456
3456
3463
3453
3457
3458
3470
3457
3464
3457
3454
3455
3462
3461
3458
3458
3452
3465
3457
3455
3479
3454
3475
3458
3458
3464
3460
3474
3455
3456
3456
3468
3459
3457
3457
3460
3457
3455
3455
3461
3457
3455
3461
3466
3466
3472
3459
3458
3483
3455
3465
3454
3459
3488
3454
3480
3461
3468
3471
3459
3462
3460
3484
3464
3462
3469
3457
3480
3460
3465
3462
3456
3467
3454
3464
3459
3480
3501
3457
3458
3463
3468
3456
3466
3457
3478
3461
3464
3456
3486
3467
3478
3465
3456
3478
3468
3459
3467
3465
3483
3464
3474
3458
3480
3491
3462
3475
3469
3460
3491
3467
3460
3459
3463
3476
3480
3460
3458
3461
3479
3485
3472
3460
3460
3471
3476
3459
3462
3461
3468
3465
3477
3459
3469
3464
3475
3458
3464
3479
3471
3465
3466
3469
3455
3460
3461
3458
3463
3469
3494
3462
3467
3458
3460
3465
3466
3461
3467
3463
3488
3459
3463
3460
3462
3462
3455
3460
3470
3471
3462
3462
3461
3466
3484
3467
3462
3459
3470
3478
3463
3463
3463
3473
3470
3469
3458
3462
3461
3460
3471
3479
3467
3459
3460
3462
3465
3471
3475
3462
3460
3461
3462
3464
3466
3460
3464
3467
3461
3464
3466
3487
3466
3479
3488
3480
3464
3463
3466
3474
3459
3462
3475
3452
3470
3460
3462
3462
3471
3462
3481
3463
3461
3462
3465
3463
3464
3464
3466
3486
3479
3463
3472
3479
3462
3464
3459
3456
3467
3464
3465
3471
3466
3481
3462
3463
3494
3495
3467
3463
3465
3491
3461
3466
3473
3471
3472
3466
3464
3474
3479
3474
3463
3471
3467
3463
3461
3471
3465
3461
3461
3467
3480
3462
3490
3459
3471
3483
3463
3463
3468
3481
3466
3490
3471
3461
3460
3469
3464
3464
3471
3490
3479
3464
3491
3482
3470
3468
3494
3466
3464
3469
3466
3466
3463
3467
3449
3466
3478
3463
3465
3489
3466
3468
3467
3474
3472
3466
3466
3464
3465
3490
3464
3497
3472
3468
3468
3467
3464
3468
3469
3489
3471
3467
3463
3456
3467
3474
3463
3469
3469
3466
3460
3466
3479
3469
3464
3463
3469
3468
3464
3480
3480
3464
3469
3465
3480
3465
3470
3465
3469
3480
3463
3471
3467
3472
3468
3468
3472
3470
3469
3466
3467
3464
3469
3469
3472
3464
3471
3468
3477
3473
3468
3472
3466
3473
3465
3466
3466
3482
3468
3477
3474
3487
3468
3478
3469
3473
3492
3471
3486
3476
3481
3513
3486
3482
3468
3465
3458
3469
3487
3472
3469
3479
3475
3477
3467
3466
3469
3466
3475
3470
3473
3470
3467
3468
3470
3474
3488
3469
3479
3469
3478
3480
3471
3469
3475
3478
3475
3468
3467
3468
3473
3473
3478
3492
3470
3468
3468
3465
3480
3465
3472
3472
3466
3464
3474
3475
3483
3480
3467
3469
3479
3482
3472
3467
3474
3476
3496
3473
3471
3475
3468
3483
3469
3468
3471
3481
3478
3497
3477
3470
3476
3479
3479
3477
3478
3469
3470
3478
3474
3473
3485
3478
3469
3477
3483
3486
3472
3473
3480
3479
3475
3476
3468
3479
3496
3481
3486
3492
3480
3484
3476
3481
3472
3481
3490
3478
3470
3473
3470
3475
3487
3467
3467
3472
3486
3468
3476
3471
3470
3471
3466
3470
3467
3479
3469
3493
3467
3472
3470
3470
3467
3475
3476
3477
3487
3477
3498
3490
3471
3472
3475
3499
3495
3471
3470
3468
3478
3475
3470
3468
3488
3472
3470
3492
3465
3476
3451
3472
3470
3481
3470
3488
3470
3473
3495
3473
3468
3475
3479
3468
3471
3480
3468
3479
3468
3471
3473
3468
3471
3470
3477
3510
3482
3474
3475
3475
3480
3470
3488
3471
3473
3473
3473
3479
3475
3480
3476
3483
3473
3491
3470
3491
3469
3481
3473
3486
3472
3502
3478
3474
3482
3474
3467
3478
3469
3499
3473
3483
3476
3474
3488
3472
3481
3482
3479
3453
3493
3472
3476
3474
3478
3473
3475
3487
3475
3472
3478
3478
3471
3468
3471
3492
3475
3458
3469
3488
3471
3478
3474
3471
3476
3475
3476
3518
3473
3474
3471
3478
3472
3474
3471
3474
3483
3481
3471
3488
3477
3474
3473
3477
3471
3472
3476
3489
3476
3472
3472
3480
3484
3476
3502
3477
3473
3500
3498
3472
3475
3478
3489
3475
3503
3469
3472
3489
3475
3492
3470
3479
3478
3475
3473
3485
3471
3492
3482
3471
3484
3476
3472
3474
3474
3466
3479
3483
3479
3485
3492
3479
3474
3489
3470
3499
3481
3476
3479
3485
3474
3478
3476
3483
3515
3468
3477
3492
3474
3490
3475
3468
3484
3473
3483
3471
3473
3474
3479
3493
3474
3486
3481
3481
3482
3483
3475
3478
3468
3498
3488
3503
3475
3478
3504
3478
3471
3477
3470
3471
3478
3483
3480
3478
3485
3471
3474
3469
3491
3475
3475
3478
3492
3470
3484
3479
3475
3490
3500
3473
3481
3502
3476
3481
3476
3489
3478
3480
3485
3480
3479
3477
3479
3482
3489
3479
3478
3478
3481
3477
3483
3492
3505
3480
3490
3473
3488
3483
3479
3479
3476
3477
3478
3484
3475
3482
3492
3474
3479
3494
3480
3481
3466
3480
3478
3476
3478
3476
3476
3478
3477
3477
3480
3482
3479
3479
3476
3476
3485
3490
3484
3484
3478
3486
3476
3474
3499
3503
3475
3474
3482
3481
3507
3481
3477
3479
3478
3488
3480
3476
3457
3476
3498
3488
3491
3489
3479
3505
3485
3503
3481
3499
3480
3483
3498
3491
3481
3476
3479
3480
3481
3485
3490
3476
3493
3500
3479
3478
3493
3481
3478
3476
3479
3494
3492
3495
3483
3479
3476
3479
3508
3478
3490
3479
3508
3483
3478
3475
3476
3473
3479
3492
3481
3479
3471
3485
3461
3479
3478
3480
3477
3477
3499
3479
3496
3490
3481
3494
3486
3479
3480
3481
3527
3492
3483
3487
3486
3476
3483
3494
3492
3491
3489
3482
3480
3479
3476
3484
3480
3481
3509
3483
3480
3480
3480
3494
3479
3488
3481
3480
3494
3479
3492
3476
3482
3499
3477
3476
3482
3491
3492
3504
3477
3477
3480
3481
3495
3503
3477
3480
3485
3479
3480
3486
3489
3476
3482
3479
3507
3483
3477
3487
3476
3484
3497
3482
3475
3480
3478
3477
3474
3481
3478
3500
3480
3485
3498
3482
3476
3480
3486
3491
3467
3488
3481
3496
3478
3500
3494
3482
3490
3487
3487
3487
3512
3480
3478
3475
3483
3476
3492
3480
3484
3482
3485
3478
3488
3477
3484
3479
3477
3488
3479
3503
3478
3484
3499
3477
3477
3481
3480
3475
3499
3506
3484
3480
3485
3481
3482
3480
3482
3481
3482
3484
3485
3489
3481
3480
3472
3499
3478
3509
3486
3476
3491
3476
3479
3503
3480
3493
3492
3481
3481
3487
3483
3475
3481
3480
3486
3481
3498
3518
3485
3483
3481
3493
3481
3484
3499
3492
3482
3483
3478
3489
3485
3479
3488
3483
3508
3490
3466
3476
3483
3483
3480
3495
3477
3485
3496
3484
3479
3481
3508
3474
3483
3502
3486
3479
3484
3482
3490
3475
3492
3491
3485
3478
3516
3488
3481
3499
3478
3504
3496
3486
3479
3496
3482
3480
3472
3483
3510
3487
3482
3492
3485
3480
3506
3484
3485
3478
3482
3479
3487
3481
3491
3506
3498
3489
3485
3480
3476
3509
3493
3481
3480
3490
3484
3485
3506
3486
3479
3506
3485
3479
3484
3480
3485
3522
3487
3489
3489
3480
3479
3481
3481
3494
3490
3484
3510
3480
3495
3485
3483
3483
3486
3495
3484
3483
3503
3481
3482
3479
3503
3483
3485
3506
3512
3480
3492
3487
3484
3507
3487
3481
3482
3483
3488
3485
3494
3488
3503
3481
3495
3479
3483
3482
3486
3484
3486
3494
3490
3486
3477
3487
3479
3493
3507
3485
3479
3483
3516
3481
3486
3501
3488
3488
3494
3486
3492
3482
3480
3483
3479
3484
3491
3484
3495
3490
3492
3492
3515
3500
3483
3488
3483
3487
3482
3484
3467
3483
3485
3484
3484
3483
3486
3482
3482
3493
3485
3481
3506
3485
3481
3482
3494
3486
3495
3493
3486
3492
3482
3483
3482
3483
3485
3481
3484
3503
3490
3504
3483
3482
3498
3481
3482
3488
3487
3499
3483
3513
3487
3486
3499
3503
3483
3483
3483
3485
3485
3483
3482
3480
3486
3488
3502
3483
3494
3485
3498
3486
3514
3486
3484
3481
3479
3485
3488
3486
3485
3495
3478
3481
3488
3487
3491
3483
3484
3482
3492
3484
3504
3487
3500
3484
3483
3484
3493
3500
3485
3486
3478
3496
3510
3492
3485
3488
3485
3485
3466
3490
3495
3498
3489
3482
3481
3489
3486
3486
3497
3495
3494
3471
3487
3487
3512
3498
3488
3492
3485
3491
3486
3493
3489
3485
3485
3487
3487
3492
3482
3486
3483
3491
3484
3492
3481
3480
3492
3486
3498
3496
3482
3497
3485
3487
3499
3511
3506
3491
3483
3517
3486
3490
3496
3487
3491
3485
3489
3494
3507
3516
3485
3490
3485
3493
3488
3490
3482
3504
3531
3485
3487
3484
3514
3490
3503
3488
3495
3487
3487
3485
3497
3485
3497
3502
3511
3485
3494
3490
3485
3524
3488
3488
3477
3489
3488
3490
3487
3493
3481
3483
3492
3487
3478
3486
3488
3488
3485
3503
3488
3488
3483
3479
3500
3490
3490
3485
3487
3489
3490
3487
3500
3490
3499
3497
3487
3490
3532
3497
3484
3495
3490
3508
3493
3492
3490
3484
3492
3498
3487
3491
3481
3492
3485
3487
3492
3492
3489
3483
3488
3494
3486
3502
3487
3493
3491
3498
3493
3488
3489
3489
3488
3489
3499
3488
3489
3486
3493
3500
3488
3488
3488
3492
3509
3493
3491
3515
3487
3488
3484
3487
3487
3484
3487
3489
3483
3493
3501
3488
3485
3496
3486
3487
3487
3491
3485
3493
3488
3498
3489
3490
3510
3490
3491
3485
3493
3487
3512
3489
3498
3494
3486
3520
3482
3482
3487
3493
3488
3486
3486
3497
3496
3487
3483
3494
3487
3497
3515
3485
3516
3493
3492
3508
3488
3488
3485
3489
3521
3487
3502
3507
3490
3497
3486
3517
3486
3529
3488
3508
3489
3485
3489
3490
3493
3516
3488
3496
3486
3499
3486
3493
3500
3499
3481
3489
3487
3487
3491
3488
3489
3498
3490
3487
3491
3487
3493
3486
3497
3488
3491
3503
3487
3489
3487
3491
3488
3505
3487
3509
3498
3492
3490
3508
3488
3486
3503
3517
3506
3498
3483
3490
3492
3486
3490
3489
3493
3487
3495
3515
3499
3492
3485
3495
3489
3507
3487
3500
3496
3499
3486
3488
3494
3484
3486
3499
3486
3492
3492
3487
3503
3488
3484
3490
3485
3497
3492
3495
3487
3490
3496
3510
3485
3493
3487
3491
3490
3496
3493
3494
3491
3496
3493
3490
3487
3520
3487
3490
3524
3485
3491
3503
3485
3535
3493
3489
3493
3493
3502
3491
3485
3508
3503
3488
3491
3489
3487
3493
3487
3501
3491
3486
3493
3502
3486
3507
3483
3487
3496
3486
3488
3488
3494
3489
3492
3500
3487
3486
3488
3487
3487
3513
3486
3496
3494
3494
3486
3491
3489
3501
3495
3500
3496
3499
3498
3518
3511
3489
3489
3506
3486
3487
3485
3483
3490
3512
3490
3489
3490
3493
3488
3527
3488
3484
3490
3499
3492
3490
3510
3517
3501
3519
3492
3497
3493
3493
3501
3489
3503
3489
3496
3490
3496
3524
3498
3491
3493
3501
3491
3489
3496
3490
3515
3491
3487
3485
3493
3494
3494
3488
3489
3492
3491
3498
3502
3498
3520
3500
3509
3493
3517
3494
3495
3494
3489
3488
3509
3490
3491
3487
3495
3495
3486
3493
3492
3497
3489
3508
3494
3490
3520
3490
3503
3501
3495
3493
3490
3484
3492
3497
3491
3498
3492
3484
3494
3492
3494
3503
3491
3489
3491
3494
3493
3484
3494
3488
3493
3498
3496
3488
3493
3494
3491
3489
3501
3494
3490
3507
3500
3492
3522
3490
3491
3511
3493
3504
3498
3495
3494
3478
3493
3493
3502
3500
3492
3540
3491
3495
3493
3497
3495
3490
3490
3497
3492
3490
3492
3509
3499
3501
3496
3509
3493
3490
3488
3498
3493
3499
3488
3515
3495
3494
3497
3488
3498
3509
3494
3497
3490
3498
3499
3492
3491
3503
3493
3487
3510
3491
3488
3511
3490
3522
3488
3494
3500
3502
3486
3510
3489
3489
3495
3505
3493
3491
3498
3523
3495
3494
3492
3492
3521
3495
3493
3492
3493
3491
3493
3496
3495
3520
3494
3492
3490
3512
3489
3494
3493
3494
3497
3492
3493
3503
3483
3527
3495
3508
3493
3491
3490
3493
3490
3491
3492
3497
3495
3504
3502
3491
3492
3502
3493
3493
3497
3496
3502
3489
3495
3496
3538
3493
3520
3500
3490
3505
3489
3490
3489
3492
3489
3500
3493
3496
3519
3489
3508
3495
3516
3520
3491
3492
3505
3508
3496
3497
3489
3492
3507
3510
3489
3489
3488
3510
3487
3491
3490
3513
3493
3492
3493
3489
3485
3493
3495
3488
3504
3514
3494
3493
3493
3519
3496
3493
3492
3500
3499
3495
3511
3504
3503
3494
3493
3489
3508
3495
3519
3494
3494
3488
3518
3525
3517
3510
3508
3502
3498
3500
3498
3491
3504
3488
3506
3493
3492
3492
3488
3513
3522
3505
3492
3488
3491
3513
3490
3495
3495
3494
3492
3519
3492
3494
3501
3519
3497
3496
3523
3496
3513
3501
3492
3491
3499
3490
3504
3502
3519
3495
3496
3496
3515
3489
3511
3494
3489
3522
3506
3496
3505
3497
3506
3527
3501
3492
3495
3498
3494
3501
3496
3492
3493
3490
3493
3497
3515
3499
3488
3495
3494
3503
3490
3500
3492
3494
3493
3496
3535
3490
3497
3507
3519
3502
3488
3494
3508
3498
3501
3494
3506
3544
3496
3503
3491
3498
3494
3503
3498
3499
3482
3497
3498
3521
3502
3501
3498
3501
3500
3494
3510
3494
3493
3495
3496
3497
3496
3510
3513
3502
3500
3497
3506
3519
3491
3494
3494
3511
3497
3494
3523
3500
3516
3501
3495
3510
3511
3497
3495
3494
3498
3522
3505
3491
3491
3501
3501
3501
3504
3491
3498
3478
3490
3495
3495
3500
3513
3492
3499
3497
3525
3532
3496
3507
3514
3518
3500
3493
3505
3491
3495
3507
3504
3498
3496
3509
3495
3500
3517
3498
3497
3493
3493
3496
3492
3495
3501
3503
3491
3512
3497
3507
3497
3498
3500
3493
3495
3509
3507
3493
3490
3509
3501
3503
3504
3510
3495
3498
3494
3496
3498
3494
3503
3498
3493
3496
3497
3496
3498
3503
3499
3503
3494
3495
3492
3496
3508
3500
3493
3510
3538
3493
3497
3498
3493
3506
3533
3527
3524
3496
3521
3499
3495
3497
3493
3502
3522
3502
3495
3495
3502
3495
3520
3498
3497
3501
3499
3492
3498
3503
3500
3512
3507
3509
3517
3501
3491
3495
3490
3504
3502
3493
3496
3495
3495
3494
3503
3499
3495
3497
3496
3496
3494
3500
3497
3506
3492
3497
3509
3505
3509
3511
3493
3498
3496
3499
3498
3522
3513
3501
3498
3495
3491
3496
3494
3507
3498
3496
3486
3500
3500
3506
3495
3498
3511
3495
3499
3494
3491
3506
3500
3502
3498
3499
3500
3498
3495
3501
3498
3503
3525
3522
3496
3523
3509
3500
3495
3512
3495
3497
3499
3499
3500
3493
3522
3510
3494
3526
3497
3494
3527
3499
3487
3493
3503
3506
3508
3512
3516
3492
3492
3506
3504
3498
3497
3495
3503
3498
3496
3501
3500
3494
3494
3496
3513
3497
3516
3497
3525
3495
3498
3498
3499
3515
3492
3498
3505
3491
3509
3513
3495
3491
3498
3496
3496
3499
3506
3494
3505
3496
3502
3495
3492
3498
3505
3494
3515
3509
3497
3497
3492
3502
3507
3498
3493
3516
3504
3525
3501
3501
3527
3489
3496
3507
3498
3506
3492
3500
3504
3502
3499
3489
3495
3512
3511
3497
3496
3496
3496
3505
3496
3498
3502
3497
3498
3512
3513
3493
3499
3494
3499
3503
3497
3502
3497
3496
3510
3498
3499
3499
3497
3498
3496
3501
3499
3498
3503
3504
3499
3525
3494
3499
3491
3499
3512
3503
3498
3513
3498
3498
3499
3521
3499
3498
3507
3508
3507
3485
3503
3494
3515
3495
3496
3499
3497
3495
3495
3506
3502
3497
3519
3499
3499
3499
3497
3493
3497
3494
3498
3522
3531
3499
3492
3491
3496
3504
3499
3498
3500
3494
3504
3501
3502
3499
3497
3515
3506
3499
3513
3508
3497
3498
3515
3495
3501
3498
3508
3491
3519
3499
3495
3498
3505
3493
3496
3500
3499
3504
3504
3497
3508
3529
3499
3501
3499
3516
3497
3490
3509
3499
3499
3499
3493
3500
3506
3498
3506
3507
3515
3490
3503
3500
3495
3499
3495
3495
3520
3495
3525
3496
3508
3504
3498
3494
3497
3496
3492
3506
3500
3529
3517
3499
3500
3500
3501
3499
3494
3498
3502
3503
3499
3497
3496
3522
3499
3497
3497
3518
3527
3502
3502
3505
3504
3510
3505
3498
3498
3500
3505
3497
3504
3505
3501
3519
3497
3500
3499
3495
3500
3493
3498
3512
3496
3502
3519
3495
3507
3499
3499
3503
3493
3500
3496
3497
3508
3503
3494
3504
3504
3493
3500
3505
3508
3498
3498
3500
3499
3496
3509
3515
3509
3506
3503
3509
3500
3496
3505
3509
3497
3498
3498
3495
3502
3501
3497
3505
3509
3499
3498
3501
3500
3496
3510
3519
3499
3538
3504
3500
3514
3498
3496
3500
3499
3493
3505
3500
3502
3525
3499
3497
3500
3516
3501
3500
3496
3498
3528
3528
3498
3501
3496
3510
3497
3499
3527
3532
3502
3525
3508
3499
3500
3503
3490
3499
3508
3497
3498
3497
3499
3503
3531
3500
3500
3497
3498
3496
3512
3539
3525
3502
3499
3499
3497
3511
3501
3500
3526
3501
3502
3515
3499
3495
3507
3498
3497
3502
3498
3506
3497
3494
3500
3499
3499
3500
3532
3503
3504
3488
3501
3503
3499
3500
3502
3501
3500
3499
3496
3511
3533
3499
3500
3499
3501
3498
3502
3499
3510
3506
3499
3502
3519
3510
3501
3513
3496
3497
3500
3498
3506
3510
3511
3499
3507
3501
3494
3503
3500
3498
3500
3509
3504
3513
3499
3503
3527
3501
3501
3519
3517
3514
3504
3502
3499
3521
3498
3525
3506
3500
3496
3502
3498
3511
3500
3502
3500
3500
3506
3504
3498
3488
3501
3501
3502
3513
3499
3497
3507
3497
3498
3495
3514
3504
3493
3500
3499
3500
3529
3499
3497
3500
3503
3515
3511
3507
3507
3497
3496
3512
3526
3507
3501
3499
3517
3495
3530
3505
3502
3503
3501
3496
3499
3499
3498
3532
3528
3499
3500
3506
3498
3504
3515
3543
3495
3504
3513
3501
3500
3495
3498
3499
3498
3502
3528
3501
3503
3502
3503
3500
3529
3504
3505
3503
3520
3528
3500
3510
3506
3523
3530
3508
3511
3503
3497
3499
3500
3498
3499
3498
3494
3519
3522
3508
3498
3498
3513
3499
3498
3498
3523
3495
3506
3499
3496
3513
3497
3500
3498
3506
3506
3500
3505
3502
3504
3501
3504
3503
3501
3500
3525
3497
3497
3514
3504
3500
3501
3508
3511
3515
3494
3505
3503
3494
3503
3512
3530
3509
3502
3500
3516
3509
3516
3522
3516
3501
3497
3522
3505
3503
3499
3503
3504
3496
3497
3498
3526
3496
3510
3506
3506
3503
3501
3502
3500
3512
3515
3502
3509
3505
3501
3512
3506
3501
3515
3517
3497
3504
3501
3499
3499
3504
3516
3497
3498
3500
3503
3503
3497
3519
3498
3500
3502
3518
3503
3515
3510
3502
3479
3516
3500
3505
3524
3500
3509
3500
3506
3497
3521
3512
3499
3500
3501
3497
3499
3498
3506
3500
3496
3501
3498
3503
3500
3501
3511
3498
3515
3501
3496
3501
3505
3498
3505
3500
3498
3511
3507
3534
3500
3501
3498
3499
3497
3499
3501
3499
3530
3494
3506
3500
3518
3513
3526
3506
3493
3497
3503
3507
3506
3524
3520
3497
3501
3503
3503
3498
3503
3501
3506
3500
3502
3498
3501
3514
3521
3500
3509
3500
3511
3504
3502
3503
3504
3529
3502
3502
3507
3501
3501
3501
3504
3512
3501
3499
3506
3525
3500
3501
3501
3507
3500
3502
3515
3510
3500
3522
3497
3509
3502
3507
3523
3506
3498
3506
3508
3524
3509
3509
3498
3503
3502
3483
3503
3504
3506
3502
3506
3501
3517
3506
3507
3500
3503
3500
3513
3504
3524
3510
3505
3521
3511
3502
3504
3508
3510
3503
3502
3494
3502
3506
3499
3502
3505
3511
3499
3504
3507
3502
3500
3514
3510
3500
3508
3509
3526
3504
3499
3500
3504
3510
3518
3512
3519
3497
3501
3502
3503
3502
3498
3501
3513
3528
3501
3503
3519
3503
3496
3500
3502
3500
3501
3502
3499
3498
3502
3503
3499
3514
3517
3521
3503
3528
3508
3506
3498
3501
3527
3510
3501
3503
3503
3501
3507
3500
3501
3501
3495
3507
3514
3522
3527
3503
3503
3521
3501
3500
3529
3510
3504
3504
3502
3502
3506
3501
3501
3509
3502
3500
3501
3516
3499
3510
3505
3521
3496
3512
3503
3499
3500
3501
3504
3504
3501
3515
3505
3493
3481
3532
3516
3499
3499
3503
3509
3504
3506
3516
3501
3501
3504
3501
3512
3502
3521
3510
3523
3512
3526
3503
3513
3519
3502
3502
3530
3515
3504
3503
3513
3498
3502
3508
3510
3502
3507
3500
3518
3506
3525
3505
3513
3505
3529
3504
3502
3510
3520
3506
3512
3513
3505
3498
3519
3501
3514
3511
3503
3501
3487
3505
3501
3496
3506
3501
3503
3506
3530
3502
3498
3530
3521
3520
3503
3510
3503
3504
3508
3534
3530
3505
3508
3507
3513
3504
3502
3503
3505
3510
3505
3503
3513
3503
3503
3508
3498
3515
3518
3540
3500
3530
3506
3502
3515
3505
3501
3527
3506
3505
3503
3503
3503
3504
3512
3504
3506
3502
3520
3519
3502
3506
3498
3505
3504
3497
3499
3506
3507
3514
3500
3527
3500
3504
3504
3509
3527
3509
3510
3503
3506
3504
3503
3495
3526
3518
3498
3502
3503
3525
3516
3529
3502
3501
3507
3502
3527
3506
3501
3515
3504
3501
3501
3499
3512
3522
3494
3503
3500
3513
3507
3510
3529
3518
3515
3516
3504
3500
3502
3503
3504
3504
3508
3502
3502
3512
3505
3499
3500
3506
3503
3503
3506
3501
3521
3504
3527
3512
3498
3512
3515
3534
3511
3504
3503
3500
3500
3502
3510
3515
3500
3505
3523
3506
3501
3501
3515
3503
3501
3534
3508
3504
3511
3503
3504
3503
3507
3523
3503
3502
3511
3504
3528
3500
3514
3497
3508
3502
3506
3537
3509
3537
3502
3500
3507
3504
3507
3506
3502
3510
3507
3504
3501
3502
3506
3504
3508
3507
3503
3501
3529
3508
3506
3517
3500
3501
3505
3506
3508
3510
3501
3500
3504
3508
3510
3507
3521
3545
3503
3502
3504
3503
3506
3512
3521
3503
3511
3497
3502
3506
3510
3516
3516
3526
3503
3513
3506
3521
3503
3506
3505
3510
3506
3505
3506
3505
3497
3505
3499
3503
3502
3505
3504
3512
3501
3503
3499
3499
3494
3506
3505
3504
3510
3534
3511
3508
3508
3526
3502
3496
3502
3510
3529
3511
3508
3514
3508
3501
3508
3512
3518
3507
3502
3508
3505
3501
3505
3519
3501
3514
3500
3510
3498
3503
3516
3505
3505
3502
3517
3503
3497
3547
3516
3505
3504
3507
3510
3503
3497
3506
3507
3499
3508
3501
3506
3506
3504
3522
3509
3512
3502
3520
3526
3542
3554
3501
3506
3503
3504
3527
3510
3508
3519
3511
3523
3508
3503
3534
3507
3529
3515
3510
3504
3519
3507
3509
3493
3503
3504
3497
3502
3522
3504
3504
3505
3500
3501
3527
3504
3504
3507
3507
3502
3504
3507
3508
3521
3518
3511
3510
3508
3515
3503
3504
3533
3506
3514
3508
3504
3512
3506
3504
3503
3505
3516
3502
3508
3525
3501
3511
3506
3504
3509
3502
3547
3528
3501
3506
3505
3503
3507
3507
3498
3504
3506
3516
3502
3510
3507
3514
3502
3504
3502
3524
3504
3506
3519
3506
3506
3506
3507
3505
3520
3504
3504
3531
3505
3506
3502
3512
3509
3504
3507
3506
3504
3514
3523
3505
3505
3503
3508
3509
3508
3507
3497
3511
3506
3511
3511
3502
3509
3506
3508
3504
3515
3503
3509
3504
3514
3504
3502
3532
3506
3503
3551
3503
3506
3500
3509
3501
3522
3504
3503
3508
3510
3506
3534
3511
3507
3508
3505
3502
3503
3502
3512
3502
3501
3504
3506
3509
3532
3487
3505
3502
3506
3503
3528
3507
3507
3500
3508
3505
3507
3500
3506
3512
3511
3503
3515
3507
3501
3516
3507
3510
3509
3507
3508
3509
3507
3504
3531
3514
3505
3506
3526
3505
3533
3503
3526
3500
3492
3515
3502
3504
3511
3506
3507
3511
3511
3506
3535
3497
3504
3507
3539
3514
3507
3521
3504
3504
3509
3520
3505
3502
3502
3509
3503
3502
3501
3502
3502
3502
3504
3504
3515
3494
3503
3535
3549
3509
3506
3516
3504
3516
3504
3510
3506
3502
3506
3503
3519
3512
3508
3503
3506
3511
3513
3511
3512
3510
3502
3525
3510
3505
3504
3525
3508
3501
3505
3506
3509
3513
3500
3504
3504
3503
3508
3503
3510
3534
3533
3503
3504
3503
3516
3506
3536
3517
3521
3509
3531
3505
3505
3504
3502
3513
3507
3515
3512
3488
3503
3530
3508
3511
3503
3504
3503
3503
3502
3509
3505
3506
3507
3502
3506
3498
3502
3505
3502
3514
3504
3506
3503
3514
3504
3509
3507
3532
3509
3503
3507
3508
3512
3524
3513
3515
3507
3515
3515
3525
3512
3513
3506
3508
3510
3511
3510
3503
3524
3498
3505
3515
3502
3505
3531
3516
3509
3506
3507
3542
3504
3515
3520
3507
3518
3519
3513
3506
3503
3511
3519
3504
3529
3519
3516
3516
3505
3517
3505
3506
3510
3505
3516
3507
3519
3511
3509
3509
3509
3537
3502
3504
3506
3507
3516
3505
3491
3527
3504
3503
3505
3524
3500
3499
3525
3506
3523
3505
3520
3511
3509
3531
3534
3536
3510
3507
3512
3517
3501
3513
3506
3506
3502
3521
3513
3509
3502
3519
3503
3504
3508
3500
3516
3508
3504
3506
3502
3500
3516
3507
3510
3504
3505
3517
3508
3510
3510
3505
3513
3489
3519
3502
3504
3511
3509
3503
3504
3510
3506
3511
3503
3503
3504
3503
3537
3513
3532
3507
3507
3505
3508
3505
3517
3504
3506
3504
3505
3525
3510
3513
3501
3511
3507
3519
3505
3521
3516
3521
3509
3508
3509
3509
3540
3513
3512
3501
3503
3504
3506
3509
3512
3513
3506
3504
3545
3508
3528
3533
3509
3507
3507
3515
3510
3505
3546
3508
3514
3522
3506
3525
3527
3515
3502
3503
3522
3533
3531
3504
3525
3519
3506
3517
3514
3513
3508
3509
3518
3511
3492
3510
3509
3503
3507
3504
3523
3510
3508
3526
3525
3514
3505
3507
3509
3503
3508
3518
3522
3502
3507
3506
3505
3517
3535
3515
3504
3508
3534
3506
3518
3503
3504
3510
3506
3510
3523
3519
3526
3516
3504
3513
3535
3510
3505
3520
3505
3508
3504
3523
3508
3510
3508
3505
3506
3508
3537
3503
3535
3504
3506
3507
3505
3508
3509
3506
3508
3503
3507
3507
3509
3506
3511
3527
3501
3521
3507
3522
3502
3521
3528
3504
3510
3506
3506
3509
3506
3502
3509
3518
3506
3505
3506
3516
3531
3508
3508
3505
3503
3511
3518
3516
3509
3520
3522
3533
3505
3505
3507
3539
3516
3508
3508
3515
3504
3522
3512
3529
3509
3521
3524
3507
3513
3517
3509
3507
3515
3505
3505
3504
3505
3506
3504
3519
3517
3506
3532
3511
3506
3503
3503
3534
3504
3514
3506
3504
3519
3504
3522
3511
3504
3505
3505
3507
3526
3511
3512
3496
3506
3512
3506
3511
3533
3536
3489
3505
3511
3505
3513
3507
3519
3508
3504
3513
3509
3506
3512
3527
3503
3533
3514
3511
3510
3506
3511
3501
3494
3510
3511
3524
3520
3503
3506
3503
3521
3502
3510
3518
3523
3504
3514
3506
3508
3506
3506
3508
3507
3513
3523
3501
3506
3512
3513
3529
3522
3521
3528
3509
3503
3503
3513
3509
3509
3501
3553
3516
3520
3516
3520
3508
3519
3503
3512
3509
3507
3508
3501
3538
3510
3506
3513
3522
3543
3519
3506
3511
3509
3523
3510
3505
3506
3517
3509
3514
3517
3513
3502
3503
3518
3546
3507
3505
3511
3508
3529
3529
3531
3506
3505
3530
3507
3510
3507
3535
3504
3507
3510
3508
3541
3507
3521
3506
3505
3529
3506
3503
3515
3505
3509
3513
3503
3506
3520
3505
3514
3539
3506
3508
3513
3505
3505
3510
3510
3501
3509
3507
3509
3506
3517
3504
3507
3518
3504
3500
3523
3505
3510
3509
3508
3521
3509
3512
3505
3504
3517
3503
3513
3538
3510
3508
3509
3509
3515
3518
3510
3509
3504
3506
3505
3507
3508
3504
3518
3511
3509
3528
3508
3507
3517
3510
3518
3505
3507
3528
3505
3509
3537
3509
3518
3524
3509
3517
3503
3517
3528
3507
3510
3541
3519
3509
3514
3507
3502
3504
3520
3532
3507
3507
3506
3508
3508
3534
3505
3505
3505
3512
3536
3510
3511
3539
3522
3505
3508
3503
3505
3538
3505
3508
3511
3509
3508
3508
3503
3507
3508
3505
3507
3512
3526
3506
3508
3503
3507
3503
3520
3506
3506
3506
3512
3504
3502
3504
3508
3516
3506
3507
3507
3517
3524
3520
3505
3509
3518
3506
3514
3506
3507
3516
3512
3508
3507
3525
3507
3512
3509
3509
3510
3509
3509
3510
3506
3507
3509
3506
3505
3521
3509
3509
3514
3504
3515
3507
3516
3531
3509
3537
3506
3512
3510
3507
3509
3514
3515
3534
3507
3513
3510
3522
3513
3491
3507
3536
3508
3507
3512
3506
3504
3536
3513
3506
3511
3525
3507
3508
3488
3506
3508
3521
3510
3539
3509
3507
3511
3512
3505
3511
3511
3515
3509
3510
3526
3510
3508
3508
3504
3506
3510
3506
3506
3533
3508
3522
3508
3508
3506
3513
3508
3510
3511
3506
3514
3511
3508
3509
3509
3519
3504
3509
3505
3510
3531
3504
3516
3513
3514
3507
3511
3510
3521
3505
3507
3510
3511
3515
3509
3508
3511
3538
3507
3510
3537
3509
3508
3514
3532
3512
3511
3503
3508
3509
3515
3517
3507
3516
3506
3511
3506
3506
3505
3511
3511
3511
3528
3506
3509
3508
3503
3511
3515
3534
3508
3522
3509
3512
3506
3524
3508
3520
3513
3500
3512
3521
3508
3513
3511
3510
3503
3510
3539
3507
3507
3527
3516
3514
3506
3511
3526
3515
3507
3523
3509
3513
3490
3523
3516
3517
3508
3506
3523
3514
3507
3518
3507
3507
3521
3520
3511
3505
3507
3522
3514
3511
3524
3509
3515
3504
3509
3516
3519
3519
3509
3514
3520
3520
3509
3496
3508
3536
3510
3513
3504
3508
3518
3503
3509
3504
3516
3510
3521
3524
3517
3527
3509
3510
3531
3510
3529
3521
3510
3517
3514
3509
3515
3508
3506
3519
3514
3503
3510
3509
3509
3505
3512
3520
3512
3510
3515
3519
3509
3541
3512
3520
3511
3516
3536
3512
3506
3512
3517
3509
3507
3523
3508
3534
3513
3513
3511
3511
3508
3512
3510
3510
3509
3506
3511
3510
3509
3509
3511
3510
3510
3504
3517
3514
3521
3497
3508
3510
3512
3530
3511
3510
3510
3514
3509
3509
3509
3511
3539
3524
3519
3511
3506
3514
3517
3521
3513
3535
3510
3504
3515
3506
3512
3521
3527
3525
3524
3514
3509
3515
3512
3506
3510
3520
3500
3509
3512
3512
3506
3524
3511
3518
3516
3512
3516
3506
3560
3520
3507
3527
3520
3524
3507
3508
3521
3509
3520
3512
3509
3512
3515
3512
3511
3512
3511
3508
3508
3517
3514
3516
3524
3514
3511
3509
3515
3509
3517
3518
3507
3507
3509
3534
3503
3513
3512
3514
3512
3516
3503
3507
3525
3510
3535
3510
3510
3505
3507
3508
3508
3508
3509
3520
3512
3508
3520
3511
3502
3509
3525
3539
3515
3505
3507
3507
3517
3509
3528
3506
3508
3510
3501
3510
3508
3510
3547
3508
3515
3508
3516
3520
3521
3523
3535
3505
3517
3509
3506
3536
3511
3520
3506
3513
3505
3530
3514
3521
3525
3526
3507
3504
3531
3506
3507
3515
3506
3508
3538
3509
3522
3509
3555
3508
3540
3508
3513
3518
3511
3515
3510
3508
3508
3540
3511
3510
3536
3527
3505
3508
3502
3529
3507
3543
3509
3527
3506
3532
3507
3533
3518
3509
3509
3533
3507
3503
3518
3504
3536
3507
3508
3505
3511
3511
3510
3507
3511
3507
3510
3508
3507
3502
3519
3511
3527
3507
3504
3510
3509
3520
3513
3521
3523
3517
3510
3508
3540
3522
3520
3540
3513
3526
3513
3510
3509
3509
3537
3509
3509
3517
3512
3512
3515
3509
3526
3512
3521
3516
3530
3512
3507
3512
3508
3504
3512
3507
3523
3527
3508
3513
3508
3504
3511
3523
3510
3507
3510
3507
3509
3508
3508
3508
3517
3506
3507
3514
3512
3531
3511
3508
3518
3509
3506
3506
3517
3520
3507
3506
3522
3519
3514
3510
3512
3507
3511
3508
3511
3505
3533
3511
3507
3517
3509
3507
3538
3518
3526
3511
3509
3514
3513
3510
3511
3513
3526
3509
3509
3506
3506
3538
3534
3528
3505
3509
3517
3526
3508
3511
3508
3520
3509
3505
3509
3509
3508
3507
3510
3520
3518
3506
3509
3532
3514
3508
3517
3510
3506
3533
3524
3518
3508
3522
3511
3509
3512
3504
3516
3508
3507
3502
3500
3515
3509
3495
3506
3532
3503
3512
3507
3508
3513
3513
3511
3507
3508
3514
3509
3521
3508
3526
3528
3506
3513
3519
3534
3503
3506
3505
3512
3514
3526
3528
3513
3510
3509
3512
3512
3532
3505
3513
3510
3522
3511
3513
3507
3508
3515
3507
3538
3510
3512
3540
3522
3522
3506
3510
3526
3517
3510
3521
3510
3510
3508
3521
3513
3515
3509
3509
3510
3514
3517
3517
3505
3512
3517
3512
3510
3509
3512
3512
3509
3519
3510
3528
3533
3519
3521
3514
3509
3523
3527
3507
3528
3515
3524
3512
3507
3535
3509
3510
3511
3505
3510
3519
3508
3511
3507
3494
3511
3510
3504
3491
3517
3510
3508
3516
3513
3510
3520
3512
3519
3512
3512
3512
3514
3515
3535
3512
3509
3540
3499
3518
3507
3510
3524
3521
3515
3517
3510
3508
3513
3525
3510
3508
3509
3515
3511
3522
3516
3533
3507
3524
3512
3520
3512
3526
3512
3516
3509
3514
3509
3525
3514
3512
3511
3511
3510
3507
3510
3510
3508
3508
3525
3527
3511
3507
3509
3508
3512
3510
3512
3532
3516
3515
3512
3519
3505
3508
3528
3518
3516
3517
3513
3506
3535
3515
3515
3514
3528
3514
3523
3512
3512
3508
3512
3517
3506
3514
3520
3521
3509
3511
3502
3509
3515
3517
3541
3528
3520
3513
3515
3538
3509
3524
3514
3513
3537
3519
3505
3512
3503
3506
3511
3511
3515
3509
3518
3527
3525
3514
3512
3515
3512
3510
3513
3515
3511
3509
3522
3513
3510
3511
3515
3514
3525
3512
3521
3510
3519
3529
3504
3505
3515
3511
3519
3553
3539
3509
3511
3507
3510
3523
3516
3528
3550
3513
3507
3507
3505
3521
3512
3512
3512
3511
3514
3512
3518
3505
3524
3539
3514
3511
3500
3516
3524
3504
3512
3527
3512
3536
3515
3520
3530
3512
3532
3523
3517
3509
3519
3517
3508
3529
3508
3510
3513
3510
3511
3510
3506
3514
3509
3511
3515
3510
3513
3507
3507
3518
3515
3502
3514
3517
3510
3521
3520
3512
3511
3517
3513
3530
3513
3516
3513
3514
3508
3507
3513
3510
3520
3556
3525
3548
3516
3515
3506
3506
3520
3508
3537
3514
3523
3521
3508
3534
3510
3538
3510
3524
3510
3509
3501
3518
3518
3518
3526
3523
3508
3531
3513
3500
3541
3526
3528
3519
3524
3521
3529
3514
3511
3516
3512
3508
3510
3509
3529
3513
3524
3518
3509
3512
3511
3513
3511
3507
3512
3511
3511
3507
3513
3544
3508
3508
3511
3509
3517
3516
3514
3510
3510
3530
3510
3508
3511
3512
3514
3511
3493
3536
3517
3513
3514
3512
3508
3515
3511
3517
3518
3511
3509
3517
3509
3524
3514
3513
3511
3511
3529
3529
3512
3514
3534
3516
3523
3511
3511
3519
3520
3517
3509
3507
3517
3510
3508
3520
3512
3518
3511
3509
3531
3513
3512
3506
3530
3512
3556
3509
3516
3521
3513
3539
3508
3522
3513
3527
3510
3520
3515
3511
3524
3528
3516
3531
3514
3538
3539
3509
3506
3508
3515
3514
3513
3516
3521
3505
3515
3512
3508
3511
3538
3540
3510
3523
3537
3514
3511
3509
3513
3525
3518
3537
3511
3513
3510
3511
3511
3524
3511
3532
3520
3529
3512
3508
3520
3523
3517
3513
3519
3513
3526
3511
3510
3508
3508
3513
3510
3508
3515
3525
3510
3520
3542
3515
3514
3521
3518
3543
3513
3508
3509
3508
3510
3507
3512
3510
3517
3533
3512
3515
3510
3509
3515
3513
3516
3525
3510
3516
3513
3512
3509
3512
3520
3496
3515
3512
3512
3535
3511
3528
3515
3511
3511
3516
3529
3534
3514
3522
3515
3517
3511
3530
3520
3515
3517
3510
3520
3511
3510
3531
3508
3516
3541
3524
3521
3536
3511
3510
3517
3523
3518
3517
3505
3514
3511
3512
3518
3518
3511
3516
3513
3514
3512
3518
3515
3514
3528
3521
3518
3510
3515
3514
3514
3515
3530
3512
3517
3511
3532
3528
3517
3511
3509
3527
3512
3507
3531
3542
3510
3527
3513
3515
3512
3512
3521
3513
3513
3524
3533
3516
3510
3519
3512
3517
3514
3510
3511
3513
3506
3514
3518
3514
3518
3528
3509
3511
3534
3510
3516
3511
3512
3508
3539
3512
3512
3515
3544
3514
3513
3513
3515
3513
3523
3522
3514
3515
3516
3517
3531
3511
3517
3506
3513
3511
3511
3539
3520
3539
3509
3512
3510
3519
3514
3510
3530
3515
3506
3518
3524
3513
3508
3519
3517
3513
3515
3543
3517
3525
3519
3516
3510
3537
3512
3511
3516
3516
3510
3511
3515
3527
3515
3537
3510
3513
3509
3521
3539
3514
3514
3518
3520
3515
3507
3515
3506
3511
3509
3517
3512
3516
3540
3511
3542
3509
3508
3511
3511
3509
3508
3512
3527
3509
3511
3525
3518
3515
3512
3511
3523
3511
3524
3535
3524
3531
3540
3514
3526
3521
3513
3522
3514
3513
3524
3522
3514
3531
3518
3512
3509
3513
3512
3537
3515
3521
3514
3513
3516
3530
3547
3515
3505
3516
3514
3514
3513
3517
3512
3520
3507
3512
3514
3527
3511
3518
3533
3511
3511
3510
3538
3539
3511
3533
3519
3522
3508
3507
3509
3512
3511
3515
3514
3513
3519
3508
3529
3512
3526
3528
3512
3512
3509
3555
3510
3519
3511
3515
3522
3512
3513
3520
3533
3512
3515
3511
3512
3520
3516
3510
3523
3515
3523
3516
3547
3515
3513
3519
3516
3524
3532
3512
3528
3526
3513
3511
3519
3510
3513
3517
3525
3514
3510
3535
3512
3540
3521
3511
3530
3508
3516
3506
3519
3512
3515
3524
3511
3515
3509
3517
3512
3516
3514
3516
3515
3513
3522
3526
3515
3525
3535
3518
3515
3523
3521
3512
3514
3510
3524
3515
3515
3511
3510
3517
3513
3506
3513
3516
3512
3510
3510
3510
3515
3518
3522
3516
3516
3515
3516
3515
3527
3515
3502
3514
3540
3511
3512
3543
3539
3520
3538
3528
3515
3530
3512
3521
3510
3518
3529
3510
3532
3518
3514
3509
3513
3517
3512
3514
3502
3512
3510
3513
3510
3515
3522
3522
3512
3517
3509
3510
3513
3513
3513
3509
3508
3506
3516
3509
3521
3541
3514
3508
3516
3527
3544
3532
3511
3533
3514
3518
3508
3519
3517
3526
3507
3515
3508
3532
3514
3530
3523
3520
3514
3513
3515
3518
3525
3516
3512
3513
3512
3538
3513
3513
3529
3515
3529
3532
3542
3511
3516
3517
3525
3540
3515
3511
3512
3512
3531
3522
3514
3526
3518
3523
3513
3510
3508
3506
3513
3523
3510
3526
3536
3512
3511
3519
3513
3532
3517
3512
3530
3539
3515
3522
3537
3518
3518
3514
3508
3509
3526
3511
3523
3517
3512
3519
3530
3530
3535
3529
3533
3533
3530
3520
3537
3519
3515
3541
3514
3513
3512
3512
3513
3513
3518
3515
3516
3516
3512
3516
3511
3518
3517
3511
3527
3517
3531
3510
3514
3516
3512
3532
3515
3515
3514
3521
3518
3512
3534
3514
3516
3512
3520
3519
3514
3513
3512
3516
3529
3517
3524
3518
3534
3513
3514
3508
3526
3524
3513
3536
3510
3513
3522
3508
3515
3513
3512
3515
3514
3537
3532
3520
3518
3519
3558
3508
3521
3519
3513
3514
3526
3517
3504
3513
3514
3515
3515
3510
3519
3512
3511
3514
3515
3499
3519
3517
3514
3515
3515
3516
3536
3528
3516
3513
3529
3517
3519
3511
3520
3518
3523
3511
3523
3513
3510
3512
3518
3523
3512
3535
3528
3518
3523
3509
3514
3541
3517
3511
3512
3518
3526
3516
3518
3518
3511
3518
3516
3521
3542
3511
3521
3512
3513
3514
3519
3523
3528
3516
3512
3512
3529
3532
3515
3513
3516
3526
3546
3514
3511
3516
3513
3528
3512
3515
3528
3521
3520
3515
3516
3519
3507
3513
3512
3538
3507
3513
3523
3512
3517
3514
3519
3516
3560
3513
3510
3519
3542
3516
3515
3515
3516
3519
3533
3513
3523
3516
3515
3521
3529
3516
3513
3514
3521
3515
3525
3516
3515
3516
3527
3513
3516
3516
3517
3514
3524
3510
3514
3513
3511
3525
3521
3525
3513
3515
3517
3517
3514
3535
3527
3514
3513
3518
3513
3525
3516
3512
3509
3516
3509
3521
3516
3515
3524
3529
3528
3543
3514
3519
3513
3513
3510
3516
3516
3523
3518
3517
3511
3512
3515
3520
3517
3512
3536
3512
3514
3512
3517
3511
3510
3518
3532
3512
3520
3517
3514
3512
3524
3517
3509
3512
3512
3532
3516
3518
3513
3517
3517
3517
3534
3518
3515
3516
3521
3515
3515
3522
3514
3511
3525
3512
3512
3512
3514
3522
3510
3517
3520
3515
3522
3519
3520
3519
3515
3516
3510
3516
3516
3535
3515
3564
3532
3524
3517
3508
3518
3520
3509
3520
3516
3512
3512
3513
3530
3513
3517
3512
3525
3515
3510
3524
3528
3513
3515
3516
3517
3516
3513
3519
3511
3515
3511
3528
3515
3515
3519
3553
3520
3522
3518
3520
3512
3516
3523
3515
3520
3530
3522
3515
3515
3511
3529
3515
3515
3516
3511
3512
3512
3511
3512
3532
3513
3512
3516
3519
3512
3524
3542
3540
3512
3537
3531
3517
3513
3514
3520
3523
3531
3519
3533
3515
3520
3540
3513
3529
3514
3516
3521
3514
3518
3515
3510
3523
3521
3518
3515
3512
3542
3521
3513
3541
3518
3521
3526
3512
3514
3520
3527
3514
3529
3512
3513
3524
3524
3515
3534
3501
3513
3513
3549
3498
3510
3518
3503
3519
3515
3520
3518
3511
3511
3521
3535
3512
3544
3535
3514
3512
3517
3512
3515
3533
3517
3513
3516
3513
3524
3538
3514
3529
3523
3544
3513
3511
3512
3514
3549
3517
3540
3518
3515
3532
3512
3522
3530
3510
3511
3509
3512
3514
3518
3518
3514
3523
3517
3506
3533
3516
3525
3511
3512
3534
3513
3524
3515
3513
3538
3526
3525
3512
3522
3527
3526
3523
3527
3517
3527
3516
3548
3514
3533
3510
3512
3522
3514
3517
3516
3520
3548
3528
3508
3512
3515
3513
3515
3520
3511
3515
3509
3519
3517
3544
3511
3516
3522
3513
3520
3522
3514
3512
3513
3523
3518
3515
3527
3513
3521
3512
3523
3513
3511
3515
3511
3536
3520
3509
3530
3512
3532
3518
3525
3517
3512
3520
3516
3512
3512
3540
3515
3524
3518
3526
3540
3515
3519
3514
3536
3518
3509
3522
3517
3518
3543
3512
3508
3521
3515
3517
3527
3519
3526
3516
3498
3541
3513
3553
3521
3509
3511
3517
3525
3519
3514
3517
3518
3536
3516
3516
3517
3521
3505
3514
3519
3512
3512
3512
3523
3512
3512
3514
3519
3523
3512
3518
3523
3511
3513
3518
3546
3517
3517
3513
3554
3500
3519
3515
3519
3514
3544
3515
3517
3523
3519
3533
3513
3514
3518
3514
3514
3519
3513
3513
3516
3503
3525
3522
3516
3519
3520
3515
3517
3514
3515
3533
3513
3516
3544
3517
3515
3513
3509
3516
3517
3520
3521
3510
3533
3527
3542
3518
3511
3516
3517
3539
3514
3534
3515
3549
3515
3517
3525
3516
3522
3517
3535
3521
3512
3541
3512
3516
3517
3510
3516
3513
3519
3519
3513
3513
3516
3529
3508
3515
3527
3514
3541
3519
3531
3517
3512
3519
3520
3524
3534
3557
3504
3536
3515
3520
3517
3518
3515
3517
3520
3518
3523
3515
3517
3513
3513
3510
3516
3516
3522
3519
3516
3515
3517
3512
3512
3515
3515
3524
3514
3527
3516
3513
3534
3525
3528
3509
3518
3516
3529
3517
3546
3510
3520
3520
3522
3523
3517
3515
3533
3515
3519
3519
3533
3531
3514
3515
3532
3517
3519
3520
3536
3515
3514
3542
3512
3530
3518
3515
3535
3514
3517
3513
3517
3513
3514
3520
3521
3525
3512
3521
3513
3510
3518
3521
3523
3516
3522
3514
3512
3554
3515
3521
3531
3525
3513
3514
3530
3533
3523
3512
3522
3521
3520
3514
3520
3519
3518
3541
3517
3533
3515
3521
3545
3517
3526
3539
3522
3517
3514
3517
3550
3516
3544
3532
3520
3522
3517
3514
3546
3535
3513
3523
3531
3515
3518
3519
3513
3512
3518
3513
3529
3519
3515
3516
3517
3515
3514
3521
3522
3520
3516
3521
3521
3517
3517
3518
3514
3527
3518
3529
3544
3515
3524
3520
3517
3519
3511
3519
3520
3529
3509
3515
3513
3519
3514
3525
3519
3517
3513
3523
3547
3512
3524
3545
3521
3512
3520
3518
3540
3546
3509
3511
3516
3511
3514
3519
3524
3513
3525
3516
3527
3498
3509
3523
3516
3519
3520
3543
3515
3530
3523
3520
3519
3512
3513
3518
3530
3518
3517
3547
3512
3523
3531
3513
3518
3515
3519
3538
3515
3519
3519
3512
3523
3507
3512
3528
3531
3515
3520
3520
3516
3515
3533
3516
3518
3533
3523
3520
3543
3544
3512
3520
3518
3534
3513
3550
3521
3513
3531
3548
3520
3517
3517
3516
3518
3521
3535
3515
3544
3515
3518
3510
3521
3518
3517
3519
3543
3533
3518
3515
3513
3515
3532
3514
3515
3515
3513
3518
3533
3517
3521
3516
3520
3516
3532
3522
3517
3535
3517
3517
3521
3518
3512
3523
3518
3522
3506
3516
3514
3511
3530
3516
3541
3514
3512
3518
3509
3521
3519
3536
3517
3535
3515
3512
3541
3518
3515
3520
3516
3514
3520
3518
3518
3522
3512
3517
3513
3532
3514
3515
3520
3530
3536
3514
3525
3516
3516
3522
3531
3523
3514
3515
3521
3542
3515
3516
3516
3515
3534
3514
3516
3523
3512
3520
3518
3525
3519
3514
3543
3516
3516
3520
3511
3534
3529
3523
3523
3517
3538
3526
3521
3512
3520
3517
3519
3529
3515
3519
3522
3544
3536
3521
3513
3526
3560
3513
3515
3541
3515
3524
3518
3525
3520
3539
3533
3545
3518
3525
3521
3515
3514
3528
3513
3516
3527
3521
3520
3537
3541
3519
3512
3524
3532
3516
3513
3511
3517
3515
3514
3526
3520
3518
3516
3541
3515
3516
3512
3515
3541
3516
3538
3515
3560
3522
3515
3546
3532
3516
3539
3522
3504
3523
3527
3526
3529
3522
3518
3516
3511
3517
3546
3527
3522
3516
3519
3519
3532
3526
3515
3515
3519
3529
3525
3511
3514
3523
3525
3539
3516
3513
3517
3515
3517
3517
3564
3516
3514
3516
3514
3531
3500
3515
3526
3520
3524
3517
3520
3536
3527
3517
3523
3512
3515
3517
3525
3514
3515
3522
3512
3535
3517
3514
3525
3519
3514
3517
3515
3514
3515
3518
3515
3519
3520
3527
3520
3520
3532
3515
3535
3525
3527
3521
3532
3513
3517
3517
3526
3516
3522
3519
3547
3543
3517
3526
3553
3539
3514
3519
3514
3531
3518
3561
3527
3523
3513
3528
3547
3518
3526
3514
3521
3537
3516
3514
3507
3516
3518
3517
3525
3544
3527
3516
3525
3527
3523
3518
3517
3520
3515
3516
3521
3518
3513
3554
3518
3521
3514
3520
3515
3524
3514
3525
3520
3521
3516
3540
3528
3561
3525
3535
3516
3524
3516
3517
3518
3520
3526
3522
3520
3510
3515
3520
3526
3518
3523
3545
3516
3532
3529
3514
3518
3516
3518
3515
3512
3518
3518
3522
3518
3517
3520
3515
3515
3517
3529
3544
3516
3519
3517
3515
3515
3517
3515
3515
3526
3519
3530
3528
3529
3515
3516
3517
3525
3516
3516
3526
3519
3519
3513
3520
3524
3529
3517
3514
3511
3515
3516
3517
3527
3534
3515
3513
3517
3534
3517
3512
3556
3525
3516
3516
3514
3522
3537
3530
3544
3519
3516
3526
3526
3531
3513
3517
3514
3516
3517
3516
3525
3513
3532
3518
3518
3526
3517
3515
3520
3525
3516
3519
3520
3530
3520
3539
3519
3521
3543
3500
3526
3522
3518
3543
3518
3534
3526
3522
3518
3538
3519
3523
3532
3522
3520
3517
3516
3517
3537
3517
3519
3521
3516
3524
3525
3517
3517
3516
3529
3519
3505
3521
3532
3528
3518
3519
3520
3515
3516
3518
3524
3514
3518
3522
3529
3518
3513
3524
3518
3515
3530
3532
3521
3521
3528
3516
3518
3522
3533
3561
3513
3518
3521
3521
3515
3517
3525
3517
3533
3514
3519
3514
3518
3519
3516
3515
3521
3519
3518
3523
3531
3518
3517
3532
3528
3515
3529
3515
3534
3527
3538
3519
3530
3523
3510
3523
3516
3519
3518
3511
3525
3525
3522
3519
3520
3532
3519
3527
3516
3518
3517
3539
3536
3515
3520
3532
3513
3514
3522
3515
3518
3517
3547
3523
3518
3529
3516
3524
3523
3519
3511
3517
3518
3533
3518
3514
3522
3515
3521
3520
3514
3544
3522
3517
3519
3516
3520
3526
3517
3513
3521
3514
3526
3544
3516
3512
3540
3515
3511
3517
3522
3531
3538
3549
3519
3517
3519
3517
3523
3510
3537
3517
3531
3522
3502
3528
3541
3516
3515
3518
3526
3522
3535
3518
3514
3517
3521
3544
3518
3518
3516
3512
3531
3519
3520
3516
3516
3520
3520
3521
3538
3520
3521
3524
3517
3521
3516
3533
3516
3533
3518
3518
3539
3541
3516
3533
3534
3518
3513
3562
3513
3516
3532
3518
3515
3519
3518
3520
3522
3536
3521
3529
3519
3524
3519
3515
3520
3519
3519
3517
3533
3517
3527
3518
3517
3517
3548
3518
3519
3519
3518
3525
3520
3513
3526
3526
3524
3543
3519
3541
3520
3518
3533
3515
3543
3535
3505
3518
3522
3517
3518
3541
3502
3527
3518
3520
3539
3512
3519
3519
3513
3547
3518
3519
3534
3515
3514
3531
3522
3513
3531
3517
3522
3516
3516
3524
3518
3526
3521
3543
3517
3516
3516
3510
3518
3515
3517
3513
3517
3523
3537
3514
3519
3517
3518
3520
3523
3519
3531
3521
3516
3525
3527
3544
3526
3524
3534
3522
3524
3536
3525
3519
3516
3513
3520
3518
3553
3516
3521
3517
3540
3522
3517
3526
3516
3517
3518
3532
3527
3531
3519
3520
3524
3517
3526
3520
3519
3527
3530
3522
3521
3533
3518
3517
3523
3519
3526
3532
3525
3517
3518
3533
3564
3523
3523
3518
3520
3503
3518
3519
3518
3526
3526
3519
3542
3511
3518
3515
3539
3518
3515
3528
3519
3515
3516
3513
3519
3515
3517
3518
3530
3516
3518
3514
3518
3537
3519
3516
3516
3540
3533
3519
3531
3521
3541
3517
3531
3516
3519
3527
3546
3520
3522
3519
3525
3524
3520
3520
3517
3523
3520
3527
3515
3518
3522
3518
3519
3515
3515
3519
3515
3524
3515
3513
3511
3532
3524
3518
3542
3516
3532
3534
3515
3526
3520
3545
3513
3532
3545
3520
3522
3518
3518
3558
3517
3530
3520
3517
3518
3540
3521
3518
3516
3533
3526
3514
3519
3523
3539
3517
3517
3519
3527
3516
3521
3521
3517
3540
3516
3520
3517
3518
3521
3528
3534
3531
3519
3521
3521
3527
3544
3516
3519
3523
3512
3524
3523
3518
3517
3528
3518
3526
3523
3532
3524
3518
3531
3517
3517
3528
3515
3530
3537
3524
3537
3533
3531
3532
3546
3518
3516
3519
3521
3520
3524
3539
3529
3535
3517
3526
3546
3530
3537
3517
3523
3519
3514
3534
3521
3533
3524
3530
3518
3514
3528
3523
3542
3515
3531
3522
3516
3524
3522
3523
3519
3519
3518
3519
3516
3531
3517
3526
3567
3534
3518
3515
3522
3518
3519
3537
3544
3521
3516
3525
3521
3514
3516
3545
3521
3529
3522
3533
3523
3540
3522
3515
3530
3523
3521
3522
3544
3540
3499
3521
3525
3518
3519
3517
3542
3548
3528
3523
3530
3535
3513
3520
3525
3524
3524
3513
3543
3539
3518
3521
3518
3522
3533
3523
3515
3527
3522
3516
3533
3524
3536
3523
3542
3518
3534
3519
3528
3522
3515
3543
3516
3534
3520
3531
3538
3519
3520
3531
3516
3521
3517
3518
3517
3518
3517
3523
3526
3516
3550
3516
3518
3501
3520
3527
3525
3521
3539
3517
3522
3520
3517
3519
3518
3518
3507
3542
3517
3517
3519
3522
3518
3529
3516
3517
3521
3528
3515
3528
3520
3526
3527
3520
3534
3524
3517
3519
3520
3519
3519
3514
3533
3524
3515
3514
3539
3512
3519
3521
3526
3520
3517
3522
3535
3519
3518
3526
3548
3522
3519
3521
3527
3518
3518
3520
3535
3517
3533
3521
3522
3522
3520
3550
3518
3517
3515
3546
3515
3527
3517
3518
3520
3519
3518
3530
3521
3549
3525
3516
3518
3545
3519
3533
3530
3524
3518
3519
3540
3527
3518
3549
3522
3518
3517
3522
3535
3526
3515
3526
3523
3526
3521
3533
3524
3520
3516
3518
3513
3537
3509
3518
3518
3538
3520
3536
3522
3526
3522
3515
3532
3531
3526
3537
3519
3517
3519
3534
3537
3520
3529
3518
3518
3533
3521
3548
3519
3534
3519
3522
3522
3523
3514
3522
3524
3521
3515
3515
3519
3523
3531
3519
3520
3518
3520
3542
3519
3519
3527
3516
3540
3521
3518
3518
3531
3528
3518
3520
3517
3521
3527
3542
3527
3521
3525
3528
3525
3520
3534
3532
3519
3523
3514
3536
3524
3516
3521
3516
3521
3529
3515
3519
3519
3552
3523
3531
3518
3521
3518
3518
3523
3518
3534
3533
3549
3522
3531
3523
3513
3522
3529
3527
3527
3518
3524
3522
3525
3524
3537
3518
3516
3513
3526
3520
3526
3517
3525
3517
3517
3519
3521
3519
3530
3517
3517
3520
3534
3524
3521
3528
3516
3533
3527
3516
3531
3516
3519
3543
3520
3516
3519
3517
3515
3511
3539
3520
3529
3515
3534
3519
3517
3518
3531
3511
3517
3546
3518
3523
3528
3501
3519
3521
3521
3540
3515
3522
3530
3518
3519
3521
3542
3515
3521
3521
3520
3519
3535
3522
3518
3521
3519
3505
3542
3516
3522
3524
3529
3546
3527
3529
3544
3531
3518
3531
3525
3521
3523
3521
3542
3524
3529
3518
3518
3526
3518
3527
3521
3520
3517
3516
3548
3530
3517
3516
3520
3518
3555
3518
3521
3532
3543
3520
3519
3528
3528
3523
3530
3518
3518
3518
3523
3537
3518
3501
3521
3518
3521
3523
3519
3539
3541
3532
3521
3522
3512
3547
3519
3519
3534
3519
3535
3538
3516
3519
3518
3517
3521
3523
3522
3518
3520
3522
3523
3522
3519
3519
3518
3521
3517
3519
3522
3525
3545
3535
3521
3521
3520
3518
3524
3518
3521
3533
3522
3521
3516
3523
3518
3521
3529
3521
3524
3520
3530
3526
3544
3520
3516
3527
3518
3519
3543
3522
3520
3550
3554
3550
3529
3523
3524
3531
3534
3547
3531
3536
3523
3524
3526
3524
3529
3521
3523
3524
3518
3517
3519
3527
3524
3517
3522
3518
3541
3521
3530
3519
3523
3533
3518
3529
3531
3527
3558
3522
3548
3521
3547
3521
3529
3538
3519
3522
3523
3525
3518
3530
3538
3520
3533
3517
3529
3533
3520
3518
3528
3525
3517
3529
3516
3518
3518
3518
3532
3519
3518
3521
3518
3518
3516
3545
3520
3522
3534
3517
3523
3520
3518
3530
3519
3530
3545
3525
3517
3520
3520
3531
3527
3516
3518
3519
3509
3554
3514
3520
3526
3522
3528
3532
3525
3524
3524
3520
3520
3523
3519
3532
3522
3521
3525
3524
3518
3512
3522
3515
3549
3521
3517
3536
3535
3549
3525
3549
3520
3521
3524
3535
3546
3528
3517
3522
3523
3527
3515
3527
3519
3541
3528
3521
3532
3517
3522
3520
3521
3529
3515
3529
3519
3521
3531
3529
3529
3530
3526
3542
3548
3523
3521
3533
3534
3520
3548
3546
3518
3517
3521
3521
3518
3525
3528
3529
3522
3530
3522
3533
3533
3520
3530
3523
3519
3519
3518
3517
3522
3517
3540
3529
3520
3524
3521
3543
3536
3517
3515
3520
3521
3524
3524
3522
3523
3523
3520
3553
3522
3547
3545
3521
3533
3519
3532
3522
3518
3526
3525
3522
3528
3522
3520
3527
3541
3518
3520
3539
3544
3533
3521
3535
3519
3519
3518
3524
3520
3523
3525
3535
3522
3519
3536
3524
3538
3520
3533
3522
3542
3531
3508
3526
3527
3519
3521
3524
3527
3543
3544
3521
3520
3519
3524
3516
3522
3534
3530
3537
3529
3520
3518
3524
3524
3526
3532
3529
3520
3529
3520
3531
3523
3522
3522
3519
3505
3530
3510
3523
3520
3523
3522
3543
3532
3519
3518
3533
3517
3528
3521
3528
3522
3533
3522
3529
3521
3532
3523
3523
3519
3515
3527
3522
3520
3530
3564
3519
3521
3524
3532
3522
3516
3519
3540
3518
3519
3552
3517
3517
3525
3536
3520
3517
3519
3529
3549
3526
3522
3529
3530
3517
3520
3519
3525
3538
3523
3552
3522
3519
3521
3523
3529
3522
3550
3517
3529
3523
3517
3529
3515
3519
3525
3538
3529
3520
3518
3518
3545
3523
3519
3514
3523
3523
3519
3529
3534
3547
3528
3522
3518
3523
3521
3534
3545
3533
3517
3518
3519
3517
3526
3520
3556
3549
3518
3520
3525
3520
3524
3538
3531
3522
3523
3543
3530
3531
3519
3536
3540
3522
3520
3517
3521
3536
3523
3516
3523
3536
3526
3538
3518
3528
3531
3541
3526
3526
3519
3538
3523
3518
3522
3541
3524
3529
3523
3520
3524
3533
3524
3523
3523
3538
3516
3518
3519
3526
3521
3518
3520
3519
3526
3518
3519
3520
3523
3522
3525
3531
3518
3535
3521
3517
3542
3526
3541
3522
3518
3550
3524
3520
3520
3524
3526
3521
3522
3529
3532
3517
3536
3518
3527
3518
3520
3518
3521
3525
3548
3522
3520
3535
3528
3549
3524
3525
3517
3518
3519
3518
3525
3538
3521
3526
3517
3518
3520
3521
3520
3525
3541
3523
3525
3518
3521
3518
3517
3525
3532
3522
3522
3548
3520
3534
3530
3514
3536
3525
3522
3521
3520
3510
3531
3523
3525
3520
3520
3520
3520
3524
3524
3537
3522
3532
3521
3534
3517
3527
3525
3529
3521
3523
3529
3520
3523
3524
3521
3541
3524
3519
3517
3517
3527
3520
3521
3517
3531
3518
3540
3518
3524
3521
3520
3518
3528
3525
3528
3522
3520
3527
3523
3525
3527
3532
3522
3515
3520
3532
3519
3518
3528
3525
3556
3519
3528
3520
3516
3520
3529
3518
3520
3517
3522
3523
3520
3522
3524
3521
3535
3539
3533
3517
3524
3521
3519
3520
3521
3521
3543
3536
3526
3526
3524
3549
3522
3526
3519
3533
3525
3522
3524
3521
3532
3520
3521
3527
3523
3527
3550
3521
3522
3537
3522
3523
3528
3517
3518
3518
3520
3529
3522
3517
3522
3522
3523
3519
3550
3523
3543
3524
3519
3515
3518
3520
3508
3524
3537
3530
3521
3519
3519
3521
3521
3546
3527
3518
3522
3519
3512
3520
3522
3518
3519
3532
3527
3552
3522
3531
3523
3520
3522
3522
3533
3523
3519
3530
3522
3520
3523
3545
3521
3519
3518
3519
3518
3521
3523
3527
3531
3543
3525
3517
3541
3516
3519
3522
3530
3518
3519
3519
3517
3531
3522
3520
3527
3519
3523
3520
3517
3519
3526
3518
3521
3519
3539
3525
3523
3521
3524
3524
3529
3523
3517
3519
3521
3524
3518
3517
3537
3530
3517
3528
3523
3517
3520
3523
3522
3518
3522
3521
3519
3534
3523
3527
3523
3541
3518
3529
3532
3530
3524
3530
3518
3518
3527
3522
3522
3519
3522
3540
3520
3530
3522
3522
3517
3518
3522
3533
3527
3525
3528
3525
3517
3519
3521
3520
3543
3516
3551
3521
3521
3523
3528
3515
3542
3535
3520
3531
3521
3523
3520
3518
3548
3528
3522
3522
3523
3546
3523
3535
3524
3519
3538
3520
3532
3539
3519
3511
3523
3523
3535
3536
3527
3523
3516
3521
3520
3519
3521
3517
3521
3565
3545
3521
3522
3527
3522
3513
3519
3520
3526
3521
3516
3522
3528
3523
3549
3519
3519
3521
3521
3532
3518
3524
3531
3530
3519
3523
3518
3545
3516
3529
3520
3520
3522
3515
3518
3520
3520
3523
3520
3521
3521
3525
3527
3529
3523
3546
3522
3522
3517
3539
3538
3521
3524
3533
3523
3527
3534
3523
3533
3529
3520
3531
3532
3527
3528
3522
3544
3520
3536
3520
3515
3524
3527
3526
3528
3528
3515
3536
3518
3533
3523
3527
3516
3534
3522
3520
3518
3535
3524
3520
3524
3524
3525
3521
3522
3525
3524
3523
3527
3529
3519
3528
3527
3542
3524
3521
3568
3523
3520
3524
3522
3524
3538
3519
3517
3526
3520
3522
3521
3528
3535
3529
3532
3525
3549
3528
3519
3527
3523
3522
3523
3521
3543
3542
3519
3533
3527
3523
3531
3524
3517
3540
3531
3532
3522
3523
3523
3521
3522
3519
3523
3530
3539
3519
3528
3522
3521
3525
3521
3525
3537
3506
3524
3519
3541
3522
3523
3524
3523
3529
3538
3536
3520
3520
3525
3523
3530
3521
3522
3531
3526
3519
3519
3518
3518
3520
3521
3548
3523
3538
3534
3519
3538
3537
3526
3525
3520
3524
3523
3518
3545
3544
3519
3521
3521
3530
3524
3546
3519
3533
3522
3526
3524
3516
3517
3523
3526
3516
3518
3518
3526
3521
3533
3541
3521
3524
3520
3519
3525
3531
3523
3522
3523
3521
3537
3523
3538
3517
3544
3525
3522
3527
3522
3534
3552
3520
3533
3529
3520
3518
3520
3525
3530
3533
3522
3542
3524
3528
3520
3522
3520
3526
3527
3526
3524
3526
3519
3551
3520
3537
3522
3548
3541
3521
3527
3525
3545
3521
3521
3536
3527
3525
3517
3524
3526
3528
3526
3523
3520
3522
3542
3518
3524
3541
3523
3521
3527
3521
3521
3529
3521
3531
3521
3521
3545
3528
3526
3525
3520
3527
3520
3522
3526
3533
3536
3527
3536
3519
3520
3521
3562
3520
3521
3549
3524
3527
3521
3524
3533
3526
3525
3524
3522
3527
3522
3522
3521
3523
3529
3526
3525
3528
3528
3530
3522
3550
3525
3550
3520
3526
3563
3522
3506
3540
3519
3528
3537
3543
3523
3543
3532
3519
3531
3527
3519
3535
3548
3526
3521
3521
3520
3531
3529
3536
3518
3525
3526
3529
3521
3521
3526
3520
3521
3520
3521
3533
3528
3521
3547
3524
3537
3523
3522
3550
3520
3523
3523
3541
3536
3523
3534
3518
3523
3528
3520
3526
3522
3526
3521
3519
3523
3553
3525
3520
3542
3530
3518
3524
3523
3525
3516
3535
3520
3522
3524
3527
3536
3530
3541
3533
3523
3523
3521
3523
3530
3524
3547
3523
3527
3529
3528
3521
3526
3519
3528
3522
3521
3526
3522
3526
3529
3525
3524
3525
3531
3531
3534
3536
3553
3523
3523
3532
3527
3525
3526
3523
3543
3540
3536
3527
3522
3520
3525
3547
3523
3522
3522
3532
3550
3524
3536
3543
3534
3526
3537
3520
3519
3530
3522
3524
3525
3525
3543
3521
3522
3520
3534
3522
3521
3522
3521
3520
3520
3526
3553
3518
3522
3521
3524
3521
3529
3542
3527
3523
3521
3522
3548
3523
3517
3520
3546
3540
3522
3526
3528
3523
3524
3534
3542
3521
3537
3523
3521
3526
3538
3529
3543
3527
3518
3528
3524
3527
3532
3547
3523
3522
3535
3539
3523
3523
3525
3545
3519
3527
3518
3524
3523
3522
3518
3533
3524
3520
3524
3528
3530
3531
3521
3532
3525
3522
3517
3526
3523
3519
3544
3537
3540
3518
3520
3524
3527
3529
3525
3525
3523
3533
3525
3525
3518
3523
3522
3523
3531
3513
3522
3519
3549
3518
3520
3538
3519
3521
3528
3524
3523
3532
3523
3530
3528
3521
3526
3523
3533
3523
3532
3543
3532
3520
3522
3522
3521
3520
3527
3519
3524
3522
3521
3522
3521
3539
3536
3523
3524
3524
3524
3534
3540
3521
3524
3523
3534
3525
3550
3526
3549
3524
3522
3520
3521
3532
3533
3533
3520
3526
3530
3519
3522
3521
3523
3526
3553
3524
3520
3528
3532
3539
3519
3551
3525
3543
3525
3522
3541
3522
3529
3529
3528
3518
3556
3524
3531
3524
3525
3526
3524
3526
3518
3519
3529
3520
3519
3535
3563
3523
3516
3530
3527
3522
3526
3529
3522
3521
3533
3525
3536
3521
3550
3526
3536
3526
3528
3523
3523
3525
3524
3531
3528
3526
3540
3548
3526
3535
3523
3537
3522
3524
3526
3531
3522
3545
3543
3531
3529
3520
3527
3533
3525
3544
3522
3520
3521
3545
3525
3511
3527
3521
3529
3535
3525
3516
3521
3521
3526
3542
3532
3521
3522
3523
3521
3522
3519
3528
3520
3521
3522
3519
3523
3520
3527
3530
3539
3525
3524
3528
3526
3551
3526
3543
3522
3536
3533
3525
3539
3505
3527
3523
3528
3536
3521
3538
3519
3536
3527
3527
3533
3553
3541
3525
3518
3524
3528
3525
3549
3526
3526
3531
3527
3524
3525
3536
3519
3519
3525
3535
3519
3531
3534
3532
3520
3553
3530
3522
3551
3524
3545
3549
3525
3534
3526
3521
3525
3532
3522
3518
3525
3523
3521
3522
3528
3521
3526
3521
3524
3517
3531
3521
3526
3520
3527
3527
3526
3526
3537
3524
3524
3526
3527
3528
3540
3522
3521
3528
3519
3529
3524
3528
3519
3528
3535
3533
3530
3524
3525
3550
3522
3526
3542
3539
3528
3521
3547
3526
3533
3531
3520
3521
3524
3529
3527
3540
3543
3520
3523
3516
3525
3528
3516
3547
3525
3522
3524
3533
3520
3523
3531
3523
3522
3524
3539
3523
3535
3525
3554
3526
3520
3524
3522
3527
3524
3514
3551
3537
3523
3519
3523
3534
3522
3532
3523
3531
3549
3517
3522
3533
3518
3523
3508
3531
3522
3525
3521
3536
3558
3541
3521
3542
3525
3529
3523
3522
3533
3525
3533
3550
3523
3525
3528
3529
3524
3523
3524
3524
3532
3530
3532
3525
3547
3536
3543
3528
3524
3527
3522
3523
3538
3553
3525
3519
3521
3524
3524
3551
3522
3524
3554
3526
3529
3526
3528
3524
3546
3526
3550
3526
3523
3520
3521
3521
3526
3552
3525
3530
3525
3526
3521
3534
3516
3533
3524
3520
3555
3520
3518
3527
3539
3528
3528
3523
3527
3545
3525
3548
3524
3537
3524
3531
3520
3536
3521
3523
3535
3548
3521
3538
3539
3524
3541
3518
3534
3524
3521
3526
3540
3527
3530
3522
3528
3532
3522
3545
3535
3522
3523
3518
3533
3561
3522
3523
3525
3520
3521
3530
3532
3522
3545
3540
3523
3547
3537
3523
3540
3542
3542
3540
3535
3522
3526
3544
3534
3532
3525
3522
3527
3522
3535
3523
3534
3569
3524
3523
3540
3524
3524
3552
3522
3532
3532
3533
3523
3524
3518
3537
3519
3523
3522
3527
3565
3523
3528
3533
3524
3551
3524
3519
3521
3526
3537
3522
3546
3523
3524
3544
3542
3521
3524
3527
3553
3520
3535
3522
3527
3547
3548
3523
3538
3522
3529
3521
3524
3551
3526
3521
3515
3526
3544
3545
3526
3522
3529
3534
3523
3526
3537
3524
3523
3521
3526
3520
3526
3526
3524
3520
3522
3525
3530
3527
3528
3525
3549
3523
3524
3526
3525
3523
3523
3526
3525
3532
3527
3525
3556
3524
3527
3522
3519
3535
3519
3545
3524
3540
3525
3531
3525
3516
3545
3537
3525
3528
3522
3546
3521
3526
3527
3526
3520
3530
3525
3525
3523
3523
3528
3531
3521
3528
3535
3527
3526
3528
3524
3519
3512
3547
3517
3537
3526
3525
3549
3529
3525
3528
3520
3523
3525
3518
3523
3523
3519
3547
3521
3550
3523
3521
3522
3540
3533
3529
3544
3557
3519
3518
3532
3525
3527
3535
3523
3531
3549
3526
3515
3522
3524
3522
3549
3528
3521
3529
3527
3521
3526
3535
3535
3525
3520
3526
3541
3554
3537
3525
3522
3524
3530
3523
3521
3524
3535
3529
3534
3527
3544
3529
3522
3524
3525
3527
3525
3546
3521
3525
3524
3530
3553
3531
3526
3522
3542
3542
3502
3550
3543
3526
3524
3530
3530
3524
3529
3530
3528
3529
3525
3527
3534
3533
3525
3535
3525
3532
3528
3534
3522
3536
3541
3525
3523
3526
3524
3525
3526
3522
3542
3569
3549
3524
3523
3547
3540
3533
3538
3523
3523
3525
3532
3523
3531
3527
3553
3539
3526
3540
3524
3535
3525
3524
3556
3533
3558
3519
3521
3524
3524
3543
3547
3524
3525
3526
3524
3550
3539
3529
3537
3529
3537
3541
3526
3531
3537
3530
3531
3524
3541
3529
3520
3529
3517
3523
3556
3533
3531
3530
3530
3527
3542
3529
3526
3529
3548
3527
3529
3524
3522
3525
3526
3529
3522
3536
3511
3527
3530
3529
3520
3526
3524
3527
3539
3534
3522
3527
3526
3522
3524
3542
3527
3520
3525
3534
3553
3531
3547
3536
3533
3536
3523
3530
3549
3522
3525
3531
3554
3526
3513
3533
3524
3568
3539
3527
3526
3533
3506
3528
3537
3528
3549
3527
3522
3551
3512
3532
3530
3527
3551
3523
3521
3526
3522
3530
3521
3524
3523
3537
3530
3527
3524
3450
3522
3528
3526
3522
3537
3529
3524
3537
3512
3531
3524
3530
3523
3538
3527
3540
3522
3536
3526
3518
3567
3541
3539
3522
3537
3536
3507
3523
3528
3532
3530
3524
3520
3543
3499
3519
3539
3518
3531
3526
3539
3534
3537
3506
3527
3523
3530
3524
3522
3527
3524
3532
3528
3532
3544
3522
3539
3537
3527
3525
3526
3522
3535
3537
3548
3528
3538
3550
3540
3545
3524
3525
3544
3538
3539
3526
3546
3530
3514
3509
3537
3529
3527
3522
3529
3537
3492
3531
3540
3571
3537
3535
3524
3537
3525
3507
3546
3525
3525
3528
3533
3522
3525
3474
3528
3528
3524
3533
3528
3530
3524
3524
3581
3527
3536
3530
3530
3526
3536
3523
3490
3558
3522
3526
3525
3551
3525
3553
3531
3481
3522
3522
3523
3529
3521
3521
3522
3525
3535
3547
3521
3525
3530
3523
3527
3538
3519
3532
3525
3529
3536
3527
3520
3522
3522
3511
3526
3529
3526
3520
3531
3524
3536
3505
3528
3545
3529
3521
3526
3527
3525
3526
3545
3567
3523
3531
3525
3533
3534
3531
3521
3520
3525
3523
3525
3536
3529
3529
3527
3463
3522
3535
3520
3514
3541
3522
3527
3527
3536
3501
3553
3556
3523
3524
3551
3529
3522
3523
3525
3536
3541
3540
3526
3530
3521
3527
3504
3521
3524
3526
3522
3522
3548
3521
3523
3522
3541
3539
3554
3524
3528
3531
3521
3538
3534
3523
3547
3522
3534
3528
3536
3567
3537
3540
3525
3525
3532
3523
3526
3520
3525
3520
3530
3526
3529
3526
3525
3566
3527
3526
3526
3542
3546
3525
3526
3525
3487
3522
3521
3508
3528
3533
3546
3524
3530
3518
3532
3538
3524
3525
3525
3527
3528
3523
3519
3533
3521
3522
3531
3529
3529
3524
3539
3547
3525
3550
3521
3524
3544
3521
3527
3520
3520
3520
3523
3548
3523
3529
3525
3520
3527
3529
3527
3541
3521
3538
3524
3525
3535
3536
3501
3534
3527
3531
3537
3537
3533
3526
3524
3529
3532
3524
3525
3528
3537
3533
3524
3549
3528
3525
3524
3535
3524
3494
3523
3530
3524
3525
3531
3525
3525
3539
3526
3513
3529
3535
3522
3521
3533
3546
3484
3523
3529
3535
3526
3521
3525
3543
3526
3509
3533
3528
3524
3523
3522
3523
3525
3549
3532
3531
3526
3523
3523
3544
3525
3522
3527
3506
3534
3524
3539
3524
3525
3553
3524
3530
3561
3522
3526
3528
3540
3531
3544
3536
3533
3526
3529
3528
3546
3526
3528
3550
3529
3546
3526
3522
3535
3539
3551
3522
3522
3532
3520
3522
3528
3523
3537
3536
3540
3524
3522
3526
3553
3526
3522
3526
3550
3527
3529
3515
3526
3539
3541
3525
3524
3522
3512
3534
3523
3522
3537
3525
3523
3529
3527
3521
3534
3540
3537
3525
3528
3523
3533
3526
3532
3524
3520
3525
3523
3555
3519
3522
3546
3527
3526
3526
3522
3523
3538
3524
3538
3520
3524
3522
3532
3531
3522
3542
3521
3529
3537
3524
3526
3525
3525
3527
3527
3523
3532
3527
3527
3536
3518
3544
3531
3523
3550
3542
3524
3520
3525
3538
3529
3524
3524
3547
3535
3535
3539
3518
3526
3540
3542
3523
3528
3534
3560
3529
3527
3523
3529
3547
3527
3508
3526
3524
3529
3527
3523
3527
3522
3511
3552
3534
3527
3529
3522
3529
3535
3531
3536
3522
3532
3534
3524
3529
3521
3524
3532
3528
3520
3529
3521
3544
3536
3523
3537
3510
3545
3520
3524
3569
3527
3566
3526
3528
3471
3539
3531
3527
3523
3542
3538
3542
3519
3519
3558
3522
3553
3524
3522
3549
3536
3530
3530
3536
3527
3522
3523
3538
3521
3535
3525
3520
3529
3545
3553
3528
3535
3527
3599
3531
3528
3522
3528
3542
3522
3529
3531
3519
3537
3531
3513
3566
3531
3531
3541
3528
3522
3532
3525
3537
3524
3522
3543
3521
3513
3536
3529
3527
3522
3528
3529
3531
3528
3520
3522
3532
3526
3538
3530
3527
3530
3463
3538
3525
3529
3528
3525
3533
3524
3537
3522
3510
3525
3545
3529
3524
3527
3536
3598
3522
3531
3532
3534
3525
3532
3525
3536
3553
3543
3526
3572
3527
3534
3528
3526
3527
3556
3503
3522
3524
3524
3532
3536
3527
3543
3481
3555
3528
3532
3554
3536
3523
3540
3512
3532
3528
3531
3528
3531
3565
3526
3531
3528
3527
3537
3535
3532
3528
3523
3525
3523
3562
3516
3542
3556
3537
3530
3522
3526
3532
3518
3535
3541
3524
3531
3541
3526
3536
3523
3516
3535
3539
3532
3528
3524
3557
3541
3535
3534
3528
3534
3531
3529
3531
3535
3539
3513
3538
3537
3527
3552
3529
3534
3529
3546
3539
3540
3529
3527
3528
3528
3523
3529
3526
3526
3539
3524
3527
3531
3527
3532
3528
3536
3529
3530
3525
3527
3536
3530
3536
3512
3517
3526
3527
3532
3532
3529
3532
3531
3554
3539
3528
3527
3522
3542
3530
3527
3527
3522
3538
3530
3522
3525
3532
3534
3543
3518
3525
3532
3529
3537
3530
3525
3524
3557
3525
3530
3523
3529
3529
3549
3525
3539
3557
3533
3523
3528
3525
3553
3523
3523
3507
3523
3548
3525
3533
3529
3528
3545
3525
3539
3541
3526
3509
3540
3537
3528
3540
3535
3504
3542
3525
3531
3526
3534
3550
3533
3524
3461
3527
3527
3543
3524
3526
3549
3530
3548
3532
3528
3525
3528
3537
3523
3530
3537
3550
3525
3522
3526
3522
3526
3551
3525
3562
3524
3550
3527
3524
3528
3524
3555
3523
3446
3549
3520
3522
3531
3532
3537
3537
3526
3528
3532
3531
3523
3534
3532
3534
3554
3482
3523
3523
3526
3524
3526
3521
3533
3535
3518
3525
3540
3528
3526
3552
3545
3536
3543
3519
3534
3547
3536
3526
3548
3526
3504
3528
3542
3543
3527
3555
3531
3530
3526
3527
3554
3527
3522
3535
3524
3521
3549
3519
3539
3538
3527
3522
3546
3529
3544
3507
3547
3517
3528
3527
3527
3530
3525
3537
3537
3570
3527
3533
3543
3533
3537
3530
3554
3526
3485
3524
3524
3527
3525
3534
3525
3549
3517
3525
3524
3540
3527
3547
3525
3527
3531
3522
3542
3530
3526
3527
3541
3521
3555
3516
3549
3525
3552
3524
3526
3536
3523
3527
3460
3542
3525
3524
3528
3534
3528
3550
3520
3538
3526
3531
3539
3529
3520
3525
3527
3538
3525
3534
3524
3534
3524
3527
3527
3512
3535
3532
3533
3526
3530
3522
3524
3527
3467
3532
3562
3528
3524
3523
3529
3556
3517
3535
3532
3526
3531
3533
3544
3526
3528
3529
3551
3531
3530
3534
3524
3528
3528
3522
3487
3548
3529
3532
3527
3537
3523
3524
3528
3530
3523
3531
3526
3528
3536
3576
3535
3533
3540
3528
3524
3527
3530
3557
3541
3528
3524
3523
3533
3530
3524
3535
3557
3544
3506
3531
3529
3509
3552
3524
3558
3533
3527
3488
3525
3531
3528
3528
3528
3529
3532
3538
3527
3529
3514
3534
3533
3532
3537
3523
3498
3523
3568
3553
3531
3527
3526
3526
3534
3551
3543
3533
3558
3528
3530
3526
3525
3451
3525
3531
3551
3533
3524
3535
3552
3530
3541
3525
3539
3527
3524
3532
3552
3546
3582
3533
3533
3536
3525
3530
3535
3557
3524
3523
3555
3528
3530
3535
3536
3526
3525
3494
3541
3539
3529
3524
3542
3528
3527
3537
3537
3530
3536
3526
3546
3526
3522
3525
3519
3575
3525
3547
3545
3534
3525
3521
3522
3557
3526
3524
3530
3524
3525
3545
3533
3565
3530
3527
3524
3521
3542
3528
3535
3524
3501
3521
3526
3526
3523
3540
3523
3524
3526
3538
3514
3537
3530
3540
3552
3527
3532
3523
3528
3531
3535
3545
3536
3544
3536
3536
3574
3525
3532
3532
3524
3523
3544
3529
3530
3530
3536
3527
3526
3523
3548
3549
3531
3500
3522
3531
3526
3526
3528
3527
3536
3540
3526
3528
3530
3534
3526
3528
3529
3544
3532
3522
3525
3542
3520
3531
3530
3547
3534
3522
3536
3540
3526
3539
3529
3526
3525
3524
3532
3523
3522
3526
3524
3541
3521
3550
3548
3555
3530
3525
3529
3527
3524
3530
3524
3538
3536
3522
3527
3525
3530
3531
3536
3482
3523
3535
3521
3521
3520
3528
3530
3531
3532
3542
3531
3527
3526
3527
3530
3532
3526
3524
3525
3523
3537
3524
3533
3527
3536
3522
3538
3538
3529
3532
3538
3545
3527
3529
3544
3530
3527
3529
3534
3532
3525
3548
3503
3513
3555
3527
3529
3522
3535
3554
3533
3532
3518
3533
3537
3543
3534
3536
3533
3531
3513
3525
3525
3529
3530
3534
3520
3525
3554
3538
3534
3533
3536
3536
3527
3534
3528
3534
3523
3534
3528
3527
3526
3523
3550
3523
3523
3544
3530
3523
3519
3539
3542
3548
3538
3546
3525
3521
3533
3528
3529
3529
3555
3546
3530
3541
3528
3524
3536
3526
3539
3521
3522
3532
3530
3533
3527
3526
3547
3527
3581
3527
3528
3558
3525
3525
3523
3526
3526
3553
3513
3562
3533
3506
3526
3530
3512
3515
3536
3528
3534
3525
3533
3528
3532
3527
3487
3541
3529
3524
3540
3533
3542
3526
3529
3542
3511
3522
3523
3544
3547
3531
3531
3571
3525
3541
3541
3526
3546
3528
3527
3530
3527
3520
3534
3531
3528
3528
3540
3531
3527
3517
3550
3545
3525
3528
3531
3549
3536
3556
3519
3533
3534
3530
3524
3551
3520
3539
3530
3535
3533
3527
3535
3529
3529
3544
3482
3522
3525
3529
3525
3531
3523
3528
3535
3523
3541
3524
3532
3536
3521
3524
3529
3547
3537
3528
3529
3527
3530
3526
3529
3527
3527
3529
3525
3538
3551
3525
3528
3543
3553
3524
3540
3532
3529
3530
3521
3554
3527
3510
3516
3531
3525
3532
3525
3533
3541
3533
3534
3550
3521
3532
3532
3521
3558
3545
3515
3561
3526
3527
3527
3520
3533
3526
3525
3523
3534
3529
3530
3540
3542
3532
3538
3511
3545
3532
3528
3539
3537
3530
3545
3531
3535
3523
3526
3539
3543
3535
3528
3538
3539
3529
3524
3552
3529
3534
3526
3533
3527
3532
3550
3558
3528
3532
3524
3547
3541
3548
3522
3538
3571
3530
3528
3532
3530
3545
3473
3524
3531
3528
3527
3534
3524
3564
3532
3529
3520
3544
3534
3527
3536
3548
3525
3484
3520
3551
3529
3537
3522
3528
3534
3551
3550
3519
3527
3528
3528
3523
3553
3541
3544
3527
3527
3532
3533
3525
3524
3531
3529
3525
3539
3531
3540
3526
3524
3527
3526
3551
3528
3520
3526
3530
3533
3521
3532
3521
3565
3541
3537
3522
3524
3525
3528
3526
3528
3531
3528
3544
3537
3549
3525
3528
3552
3540
3561
3534
3527
3542
3526
3527
3532
3525
3527
3538
3520
3527
3529
3546
3537
3535
3526
3529
3532
3529
3540
3544
3545
3523
3537
3528
3548
3527
3555
3526
3533
3528
3531
3568
3552
3532
3531
3540
3525
3539
3531
3530
3524
3545
3524
3521
3540
3553
3527
3529
3529
3533
3573
3529
3529
3526
3553
3551
3546
3520
3560
3528
3526
3530
3539
3527
3537
3536
3529
3519
3520
3549
3528
3527
3522
3528
3534
3524
3535
3525
3523
3531
3544
3527
3529
3528
3459
3533
3528
3524
3533
3526
3531
3532
3512
3528
3547
3528
3527
3541
3554
3525
3532
3535
3556
3527
3534
3529
3525
3525
3541
3540
3549
3544
3534
3535
3525
3547
3525
3530
3555
3529
3538
3524
3535
3528
3540
3524
3524
3534
3540
3524
3526
3522
3528
3554
3533
3537
3531
3526
3548
3540
3524
3534
3521
3524
3562
3529
3526
3533
3531
3550
3551
3531
3527
3538
3538
3553
3529
3523
3564
3526
3551
3523
3529
3523
3535
3540
3544
3525
3531
3527
3536
3542
3527
3530
3542
3528
3531
3549
3504
3545
3537
3544
3537
3532
3531
3523
3524
3560
3554
3533
3530
3523
3527
3528
3539
3536
3526
3530
3523
3553
3527
3528
3554
3556
3529
3540
3524
3548
3533
3536
3529
3544
3562
3541
3522
3526
3532
3525
3525
3524
3548
3567
3536
3529
3553
3527
3538
3541
3527
3536
3545
3539
3527
3526
3553
3535
3523
3554
3509
3527
3527
3529
3526
3548
3528
3533
3518
3538
3521
3545
3526
3521
3530
3530
3534
3527
3526
3534
3557
3531
3531
3531
3525
3527
3527
3534
3524
3537
3555
3544
3557
3533
3526
3532
3541
3525
3527
3528
3535
3530
3530
3439
3523
3530
3526
3531
3529
3529
3532
3533
3516
3540
3530
3528
3533
3544
3529
3526
3490
3530
3537
3534
3533
3526
3553
3523
3531
3547
3540
3523
3529
3557
3529
3525
3525
3578
3571
3569
3529
3527
3529
3527
3527
3531
3526
3524
3529
3527
3533
3528
3555
3531
3539
3539
3530
3527
3526
3528
3521
3557
3528
3537
3531
3554
3556
3528
3540
3529
3528
3531
3543
3537
3528
3548
3535
3532
3529
3540
3543
3528
3536
3529
3540
3535
3528
3534
3529
3538
3522
3526
3535
3539
3521
3550
3530
3522
3535
3523
3532
3559
3527
3521
3554
3546
3527
3531
3528
3546
3522
3532
3525
3533
3530
3555
3527
3525
3529
3523
3532
3532
3526
3551
3536
3531
3528
3527
3536
3534
3524
3529
3528
3528
3535
3557
3526
3535
3525
3507
3530
3529
3533
3524
3540
3527
3527
3528
3540
3524
3534
3525
3531
3532
3553
3531
3535
3525
3527
3530
3555
3535
3525
3526
3540
3553
3552
3533
3527
3529
3530
3539
3533
3532
3538
3526
3529
3532
3519
3529
3567
3526
3526
3523
3530
3523
3543
3525
3522
3559
3527
3526
3527
3528
3536
3526
3526
3522
3557
3555
3523
3535
3525
3528
3529
3526
3532
3528
3508
3526
3524
3525
3530
3526
3533
3531
3527
3526
3544
3526
3539
3531
3529
3533
3539
3536
3529
3526
3537
3527
3529
3531
3525
3528
3541
3530
3529
3534
3554
3529
3546
3529
3529
3527
3535
3531
3528
3530
3529
3532
3536
3524
3553
3530
3524
3543
3530
3536
3535
3527
3533
3522
3530
3540
3534
3525
3532
3553
3547
3541
3528
3530
3546
3531
3530
3527
3540
3531
3533
3535
3541
3544
3526
3534
3544
3521
3549
3531
3536
3531
3528
3532
3536
3537
3531
3529
3533
3532
3531
3539
3556
3543
3530
3540
3531
3533
3529
3532
3544
3530
3534
3553
3531
3528
3534
3526
3530
3539
3538
3538
3527
3538
3532
3535
3530
3574
3536
3563
3527
3533
3533
3527
3564
3527
3530
3534
3544
3557
3527
3529
3525
3533
3541
3524
3547
3552
3539
3554
3530
3533
3539
3551
3528
3534
3532
3537
3538
3519
3528
3544
3527
3526
3526
3530
3555
3530
3547
3526
3544
3526
3536
3545
3535
3529
3562
3540
3527
3532
3535
3536
3542
3536
3545
3543
3528
3542
3530
3536
3534
3534
3542
3528
3543
3525
3551
3530
3534
3544
3537
3529
3531
3528
3520
3530
3556
3524
3528
3533
3533
3544
3530
3533
3553
3527
3526
3530
3527
3535
3535
3549
3534
3533
3533
3555
3555
3532
3531
3529
3536
3529
3527
3528
3561
3541
3538
3539
3527
3531
3530
3528
3529
3550
3530
3534
3528
3530
3531
3522
3533
3526
3531
3526
3527
3531
3529
3529
3529
3529
3538
3536
3548
3528
3536
3527
3528
3546
3527
3530
3530
3539
3528
3541
3529
3532
3540
3536
3529
3525
3531
3541
3535
3536
3531
3526
3535
3540
3526
3530
3531
3538
3533
3524
3528
3531
3526
3525
3539
3527
3530
3530
3544
3526
3534
3530
3539
3532
3528
3543
3525
3529
3530
3554
3530
3538
3529
3559
3530
3529
3529
3532
3524
3550
3534
3526
3528
3525
3529
3530
3543
3529
3531
3529
3528
3535
3529
3526
3529
3527
3531
3534
3522
3542
3524
3531
3529
3538
3534
3538
3524
3530
3533
3527
3533
3526
3547
3530
3549
3532
3528
3529
3526
3532
3535
3542
3524
3528
3526
3533
3528
3535
3531
3546
3538
3528
3527
3547
3530
3527
3531
3529
3558
3525
3531
3528
3530
3564
3550
3538
3534
3532
3557
3534
3537
3532
3538
3527
3538
3530
3528
3540
3558
3529
3531
3527
3553
3529
3530
3550
3545
3558
3542
3528
3533
3538
3527
3533
3530
3562
3531
3540
3526
3534
3535
3532
3531
3530
3531
3532
3527
3559
3542
3532
3529
3532
3536
3529
3525
3529
3526
3552
3528
3554
3535
3532
3574
3528
3527
3532
3531
3528
3532
3535
3525
3530
3531
3543
3553
3534
3530
3530
3543
3525
3529
3549
3541
3541
3549
3525
3535
3525
3533
3528
3530
3542
3527
3527
3528
3553
3531
3539
3534
3527
3576
3538
3528
3533
3552
3526
3535
3528
3529
3532
3557
3529
3528
3527
3528
3528
3544
3526
3540
3554
3532
3540
3540
3529
3529
3534
3528
3535
3530
3541
3579
3529
3531
3529
3532
3528
3527
3530
3527
3524
3529
3526
3556
3542
3531
3533
3557
3526
3539
3532
3528
3531
3553
3541
3538
3527
3534
3543
3534
3541
3532
3528
3539
3527
3557
3527
3528
3545
3528
3525
3531
3527
3527
3528
3530
3535
3538
3527
3529
3536
3531
3529
3551
3527
3533
3533
3528
3528
3527
3539
3548
3534
3536
3542
3539
3532
3529
3525
3525
3538
3533
3545
3533
3533
3525
3554
3531
3532
3538
3527
3525
3525
3554
3527
3542
3530
3541
3539
3533
3535
3531
3527
3550
3541
3533
3531
3531
3525
3529
3523
3542
3528
3515
3537
3531
3538
3528
3530
3534
3528
3531
3537
3532
3530
3549
3533
3539
3536
3529
3538
3549
3527
3532
3533
3538
3528
3535
3544
3543
3529
3543
3532
3525
3531
3540
3529
3573
3532
3532
3533
3529
3537
3529
3533
3548
3535
3529
3529
3534
3546
3544
3527
3537
3525
3517
3528
3537
3537
3537
3528
3539
3531
3552
3531
3527
3533
3525
3526
3533
3536
3537
3542
3547
3556
3534
3525
3531
3520
3533
3553
3529
3543
3534
3531
3536
3529
3528
3530
3528
3533
3531
3528
3532
3530
3531
3525
3529
3528
3531
3529
3537
3528
3531
3532
3537
3519
3531
3541
3532
3528
3532
3525
3537
3527
3537
3527
3532
3534
3536
3532
3548
3552
3531
3532
3529
3535
3525
3529
3530
3529
3531
3525
3531
3531
3537
3533
3530
3528
3527
3530
3535
3527
3528
3532
3528
3526
3535
3555
3530
3529
3531
3539
3531
3538
3540
3529
3530
3528
3530
3525
3530
3536
3529
3537
3542
3537
3526
3531
3535
3543
3527
3522
3529
3528
3552
3528
3525
3526
3529
3523
3528
3531
3529
3525
3531
3543
3543
3529
3534
3531
3537
3532
3555
3528
3550
3531
3552
3530
3527
3532
3534
3527
3526
3531
3542
3531
3531
3537
3541
3534
3533
3526
3559
3552
3529
3555
3533
3534
3545
3532
3545
3534
3541
3532
3531
3540
3537
3555
3530
3536
3547
3558
3553
3529
3538
3529
3528
3572
3529
3545
3531
3539
3529
3555
3557
3552
3548
3529
3526
3532
3530
3527
3537
3526
3529
3529
3527
3528
3541
3534
3524
3532
3525
3535
3530
3527
3543
3535
3534
3548
3527
3529
3536
3531
3550
3550
3537
3532
3532
3529
3542
3531
3537
3541
3558
3513
3530
3531
3552
3540
3530
3534
3536
3527
3514
3529
3536
3528
3551
3548
3531
3533
3530
3539
3550
3532
3530
3530
3538
3526
3532
3529
3529
3531
3528
3554
3529
3529
3544
3554
3530
3531
3528
3527
3530
3548
3532
3526
3537
3545
3527
3530
3532
3528
3535
3529
3532
3527
3529
3530
3535
3531
3531
3531
3550
3528
3527
3540
3547
3544
3526
3526
3529
3534
3531
3531
3544
3549
3526
3522
3536
3550
3529
3532
3527
3544
3545
3568
3529
3532
3544
3527
3538
3527
3536
3528
3529
3545
3532
3539
3539
3550
3530
3528
3535
3530
3538
3541
3525
3529
3524
3530
3528
3537
3535
3552
3530
3531
3543
3533
3574
3525
3533
3527
3513
3541
3528
3529
3549
3537
3529
3527
3538
3527
3527
3525
3526
3523
3555
3529
3528
3527
3536
3532
3558
3527
3535
3543
3545
3526
3535
3537
3528
3534
3530
3533
3527
3530
3530
3529
3548
3531
3528
3521
3530
3532
3528
3525
3530
3535
3527
3573
3560
3526
3528
3547
3543
3538
3539
3531
3526
3531
3559
3527
3530
3540
3530
3532
3531
3526
3529
3540
3534
3531
3555
3548
3531
3532
3525
3533
3570
3539
3540
3528
3529
3573
3530
3535
3527
3544
3527
3530
3530
3529
3530
3538
3532
3537
3530
3526
3547
3532
3547
3533
3557
3527
3528
3532
3529
3527
3529
3529
3531
3528
3550
3534
3528
3536
3530
3532
3569
3527
3528
3529
3534
3530
3526
3532
3537
3544
3531
3529
3529
3528
3532
3528
3523
3525
3528
3529
3531
3532
3527
3529
3525
3552
3536
3529
3534
3532
3525
3531
3528
3543
3534
3530
3525
3526
3552
3532
3523
3555
3545
3530
3528
3530
3554
3524
3526
3532
3532
3550
3553
3536
3556
3533
3529
3532
3529
3530
3528
3528
3529
3533
3536
3525
3528
3561
3536
3531
3531
3537
3532
3530
3529
3525
3525
3527
3556
3540
3542
3539
3529
3532
3549
3530
3540
3526
3533
3528
3537
3533
3529
3530
3530
3533
3527
3530
3533
3552
3579
3557
3531
3526
3525
3525
3527
3536
3549
3550
3533
3547
3541
3536
3524
3532
3542
3559
3528
3531
3528
3533
3540
3528
3558
3532
3526
3533
3539
3529
3531
3528
3530
3530
3530
3530
3528
3557
3531
3532
3554
3527
3537
3546
3525
3529
3542
3539
3528
3528
3540
3533
3550
3532
3531
3544
3530
3530
3527
3531
3532
3532
3532
3528
3528
3535
3533
3529
3531
3532
3532
3538
3520
3534
3539
3529
3541
3535
3533
3555
3531
3536
3551
3535
3526
3554
3544
3553
3549
3537
3536
3561
3556
3527
3544
3528
3539
3543
3529
3541
3527
3561
3528
3527
3526
3529
3556
3536
3529
3528
3534
3538
3530
3531
3535
3530
3540
3527
3531
3531
3525
3538
3548
3531
3526
3528
3531
3543
3534
3544
3534
3546
3552
3537
3538
3526
3528
3544
3530
3531
3540
3528
3563
3530
3529
3549
3526
3540
3558
3536
3533
3536
3528
3530
3528
3530
3549
3532
3546
3530
3537
3531
3527
3558
3539
3531
3527
3532
3533
3526
3529
3540
3539
3545
3529
3550
3554
3533
3528
3532
3527
3534
3528
3547
3536
3540
3527
3541
3528
3531
3542
3530
3533
3529
3537
3534
3524
3550
3533
3531
3529
3533
3528
3531
3532
3525
3530
3529
3527
3525
3534
3543
3539
3531
3542
3558
3536
3536
3535
3532
3526
3526
3527
3534
3530
3547
3540
3529
3554
3532
3557
3540
3532
3546
3543
3523
3531
3539
3569
3513
3534
3550
3562
3524
3547
3529
3531
3537
3555
3533
3530
3546
3527
3539
3526
3538
3554
3528
3538
3535
3532
3527
3533
3535
3532
3530
3524
3525
3546
3548
3538
3538
3527
3533
3547
3541
3531
3529
3535
3544
3528
3538
3526
3528
3531
3529
3531
3555
3549
3546
3534
3531