
10
30
2
5
5
10
1
7
7
8
3
6
10
1
0
4
6
14
4
10
5
11
0
26
6
17
13
2
31
1
5
24
26
11
7
11
11
5
6
8
0
15
22
11
8
17
5
7
6
14
6
5
4
6
18
16
7
10
11
0
29
14
13
7
6
15
9
0
1
0
5
0
8
9
6
7
25
9
0
3
9
6
34
7
18
11
0
8
9
23
15
5
9
9
9
13
8
10
8
6
6
31
7
8
4
12
6
18
9
17
7
13
0
4
9
10
6
37
8
9
11
6
25
4
32
6
8
13
0
11
30
7
4
20
27
29
6
28
28
1
23
8
32
33
29
9
7
7
8
3
9
11
10
10
4
1
8
9
9
9
17
40
7
13
2
10
0
16
32
8
23
38
5
5
6
8
24
7
9
0
15
11
12
6
10
5
12
5
9
11
9
0
12
3
7
10
0
9
1
7
16
8
10
11
2
6
15
7
10
8
14
13
12
0
0
0
16
4
4
7
8
29
16
10
8
11
6
2
0
0
4
3
4
16
7
6
2
8
31
33
9
3
0
7
7
7
7
0
5
14
11
6
17
10
27
12
5
12
11
5
31
25
5
5
15
0
12
10
16
8
27
0
18
6
8
6
38
8
8
0
5
9
30
10
7
12
8
2
0
2
10
32
3
0
38
5
15
9
8
20
0
7
9
9
7
16
2
8
32
10
34
8
0
4
0
28
13
13
7
11
0
8
2
24
4
6
7
13
9
8
0
29
11
8
6
13
5
6
4
8
0
5
19
7
7
3
4
7
12
6
16
9
22
3
1
11
9
7
0
47
0
12
0
6
12
35
0
22
16
11
29
7
3
6
2
11
18
0
0
11
6
4
0
8
9
24
8
24
6
6
10
6
22
10
0
8
11
3
6
7
8
5
7
0
0
26
13
0
0
33
24
6
5
20
5
6
12
3
8
7
9
17
6
9
4
6
2
8
5
6
18
8
6
9
9
12
8
11
0
4
8
8
10
0
6
7
34
23
0
9
35
9
9
31
7
9
2
11
8
3
0
13
31
39
6
6
15
0
20
8
6
8
8
8
5
0
11
9
8
7
8
7
7
0
7
39
5
0
13
17
4
0
7
22
2
0
49
7
6
7
8
4
11
12
5
34
9
54
13
0
31
6
9
7
0
9
7
8
7
7
5
20
12
18
19
4
13
4
11
6
0
9
32
21
17
14
17
6
14
8
9
24
5
5
6
14
6
0
7
3
1
13
31
1
8
7
6
51
0
11
7
12
7
9
0
0
8
7
9
9
6
9
13
7
4
8
11
12
8
8
8
30
6
7
13
11
4
0
8
14
4
59
7
10
7
30
0
21
11
24
29
0
8
48
3
6
3
2
8
7
2
7
4
18
13
6
7
0
7
14
3
0
7
10
11
56
6
3
9
10
0
25
9
4
6
9
3
0
5
7
18
7
8
27
15
10
20
14
18
5
9
0
6
27
8
1
3
9
35
16
9
7
7
9
8
9
8
0
57
4
17
7
28
8
6
8
6
33
10
6
14
9
7
7
2
0
5
7
12
4
4
6
18
29
6
10
2
6
9
4
0
6
0
6
0
5
4
5
11
0
0
9
9
10
48
42
6
6
12
16
7
15
5
8
15
7
10
8
6
6
13
5
5
0
7
7
0
5
8
8
5
13
12
8
20
5
27
6
34
6
0
32
8
8
9
8
8
11
5
8
20
5
0
11
21
6
19
7
9
11
6
9
4
14
0
11
14
10
0
5
19
15
5
8
36
10
11
16
7
16
10
10
9
28
7
29
10
13
10
4
7
0
5
8
41
0
0
8
5
11
8
13
33
8
11
5
8
6
9
27
10
5
8
11
44
5
6
29
8
8
12
0
11
1
12
76
159
258
349
466
544
640
733
823
915
998
1087
1191
1288
1378
1477
1576
1661
1752
1841
1931
2006
2111
2150
2228
2305
2337
2393
2447
2488
2548
2616
2633
2674
2722
2748
2783
2816
2860
2877
2908
2946
2954
2996
2997
3026
3066
3057
3081
3121
3112
3130
3147
3154
3174
3185
3201
3213
3227
3235
3247
3253
3272
3267
3284
3302
3296
3302
3310
3352
3345
3334
3344
3355
3361
3357
3366
3374
3377
3376
3395
3395
3400
3399
3403
3413
3409
3409
3417
3429
3423
3457
3436
3429
3444
3435
3441
3441
3450
3470
3448
3452
3453
3467
3468
3460
3461
3466
3466
3467
3474
3468
3471
3477
3478
3473
3507
3482
3498
3486
3486
3489
3491
3494
3492
3504
3512
3498
3512
3513
3496
3521
3505
3521
3506
3508
3503
3511
3510
3509
3516
3517
3521
3520
3520
3522
3518
3547
3517
3524
3525
3536
3541
3528
3526
3534
3530
3534
3542
3537
3532
3534
3544
3542
3542
3541
3546
3554
3549
3539
3543
3540
3541
3547
3548
3549
3564
3556
3558
3554
3565
3553
3560
3556
3574
3563
3566
3563
3558
3552
3556
3567
3556
3576
3557
3563
3565
3572
3562
3569
3567
3569
3570
3571
3575
3577
3581
3566
3580
3586
3572
3571
3582
3578
3601
3579
3583
3579
3575
3580
3588
3585
3575
3580
3578
3579
3603
3608
3585
3580
3591
3597
3589
3591
3597
3586
3589
3591
3590
3589
3590
3612
3592
3587
3619
3609
3591
3601
3590
3612
3596
3600
3600
3599
3594
3593
3605
3611
3607
3601
3596
3601
3607
3602
3603
3612
3602
3604
3626
3607
3608
3627
3635
3612
3613
3610
3609
3620
3616
3607
3610
3609
3614
3644
3612
3613
3616
3612
3617
3618
3618
3619
3619
3611
3619
3617
3624
3615
3648
3647
3625
3625
3624
3627
3625
3626
3631
3625
3644
3635
3623
3634
3631
3637
3630
3658
3629
3629
3638
3629
3655
3636
3653
3636
3660
3631
3629
3647
3641
3651
3641
3642
3634
3644
3619
3637
3641
3654
3642
3641
3636
3640
3640
3653
3640
3652
3641
3643
3644
3637
3641
3657
3657
3646
3643
3641
3658
3644
3647
3673
3675
3661
3646
3644
3650
3650
3647
3655
3652
3651
3660
3672
3667
3658
3677
3653
3650
3658
3654
3655
3659
3652
3653
3662
3653
3680
3654
3663
3667
3655
3658
3656
3657
3650
3660
3666
3671
3676
3655
3658
3659
3661
3665
3659
3655
3663
3669
3661
3664
3676
3662
3666
3660
3668
3665
3678
3672
3675
3673
3666
3683
3666
3667
3673
3667
3674
3667
3687
3671
3708
3673
3666
3671
3671
3670
3680
3679
3674
3689
3669
3709
3682
3691
3660
3666
3677
3679
3674
3680
3683
3674
3683
3678
3684
3684
3682
3708
3690
3680
3683
3693
3679
3677
3682
3697
3709
3685
3679
3685
3685
3689
3692
3681
3683
3720
3688
3682
3697
3690
3685
3700
3690
3691
3688
3690
3689
3697
3685
3690
3685
3687
3684
3702
3702
3688
3687
3693
3686
3686
3691
3685
3695
3690
3695
3694
3699
3699
3698
3694
3713
3701
3689
3693
3693
3691
3692
3698
3705
3726
3698
3707
3695
3712
3695
3698
3698
3695
3695
3693
3706
3702
3698
3698
3703
3700
3704
3695
3705
3704
3711
3699
3720
3707
3706
3706
3705
3700
3701
3702
3705
3705
3706
3708
3710
3702
3704
3708
3709
3714
3705
3716
3715
3728
3719
3707
3729
3707
3703
3713
3717
3710
3712
3713
3708
3712
3716
3718
3737
3710
3705
3720
3710
3716
3718
3725
3725
3709
3722
3740
3716
3726
3741
3712
3741
3709
3714
3712
3741
3718
3713
3715
3720
3723
3714
3718
3724
3721
3719
3735
3719
3719
3725
3724
3721
3721
3745
3720
3718
3716
3721
3731
3720
3720
3724
3720
3737
3727
3739
3720
3727
3728
3726
3719
3725
3723
3734
3728
3735
3735
3725
3726
3737
3733
3721
3743
3725
3725
3732
3748
3723
3724
3730
3734
3729
3725
3724
3734
3722
3745
3738
3731
3725
3731
3732
3737
3730
3734
3729
3731
3726
3735
3729
3771
3732
3744
3732
3737
3733
3734
3750
3759
3731
3735
3743
3743
3746
3739
3737
3741
3732
3746
3737
3733
3761
3760
3736
3754
3733
3734
3735
3749
3736
3740
3749
3750
3758
3739
3741
3738
3734
3736
3735
3736
3752
3740
3740
3743
3759
3748
3737
3738
3744
3737
3742
3759
3744
3739
3746
3742
3748
3747
3743
3750
3768
3743
3747
3741
3753
3749
3745
3746
3742
3740
3754
3759
3749
3745
3753
3772
3754
3745
3745
3750
3755
3749
3751
3748
3752
3742
3745
3749
3753
3754
3744
3757
3745
3768
3760
3768
3756
3746
3749
3750
3750
3753
3760
3745
3749
3766
3752
3750
3754
3756
3761
3762
3751
3752
3748
3759
3754
3746
3773
3780
3762
3766
3770
3777
3758
3747
3758
3755
3759
3756
3752
3752
3751
3761
3757
3763
3758
3760
3759
3754
3752
3771
3759
3761
3756
3760
3759
3768
3764
3757
3756
3762
3758
3758
3761
3757
3757
3757
3774
3763
3766
3756
3796
3759
3758
3763
3774
3756
3758
3759
3762
3760
3757
3745
3761
3791
3762
3775
3791
3777
3781
3783
3765
3764
3779
3765
3764
3765
3763
3761
3764
3764
3768
3777
3784
3764
3764
3807
3764
3764
3763
3761
3772
3769
3774
3797
3766
3767
3773
3781
3767
3771
3771
3787
3763
3768
3767
3767
3774
3775
3765
3768
3763
3768
3779
3762
3785
3782
3774
3775
3766
3779
3770
3788
3767
3759
3768
3776
3786
3767
3790
3774
3772
3775
3768
3768
3770
3774
3779
3776
3786
3777
3774
3772
3780
3791
3768
3776
3782
3771
3774
3775
3775
3775
3789
3789
3768
3775
3773
3794
3777
3790
3799
3788
3776
3783
3771
3782
3773
3773
3776
3782
3788
3781
3783
3788
3781
3784
3773
3772
3773
3776
3786
3779
3805
3780
3780
3772
3783
3780
3781
3791
3782
3783
3773
3774
3779
3806
3777
3777
3786
3780
3778
3785
3783
3787
3782
3786
3783
3782
3781
3788
3779
3779
3807
3785
3795
3779
3781
3784
3777
3790
3779
3781
3783
3783
3785
3785
3794
3787
3783
3783
3810
3788
3792
3798
3793
3786
3794
3792
3814
3813
3783
3827
3801
3808
3788
3788
3788
3786
3786
3790
3788
3799
3790
3797
3790
3785
3783
3787
3791
3782
3786
3788
3793
3790
3798
3804
3788
3784
3813
3789
3790
3788
3816
3793
3791
3792
3797
3790
3793
3804
3800
3799
3827
3789
3791
3796
3792
3819
3796
3796
3794
3791
3823
3817
3808
3798
3795
3808
3793
3795
3796
3790
3799
3803
3793
3793
3794
3799
3800
3804
3808
3793
3792
3794
3799
3795
3792
3793
3804
3796
3803
3812
3791
3810
3799
3797
3793
3814
3802
3801
3799
3797
3795
3797
3796
3798
3795
3808
3796
3794
3816
3791
3797
3800
3796
3804
3800
3803
3825
3801
3796
3806
3801
3810
3805
3797
3820
3816
3831
3800
3795
3818
3814
3809
3802
3793
3813
3814
3812
3803
3809
3807
3799
3801
3813
3801
3830
3804
3797
3795
3804
3802
3803
3829
3823
3818
3798
3800
3804
3807
3831
3800
3805
3826
3806
3803
3798
3807
3808
3805
3800
3804
3805
3808
3809
3807
3810
3835
3812
3823
3833
3826
3818
3809
3803
3803
3808
3819
3806
3820
3803
3827
3808
3808
3807
3806
3810
3806
3810
3830
3812
3810
3804
3804
3809
3813
3801
3809
3810
3830
3825
3813
3806
3816
3838
3820
3808
3821
3815
3808
3818
3818
3811
3808
3808
3817
3811
3810
3813
3830
3813
3810
3815
3811
3806
3816
3829
3831
3815
3812
3812
3818
3839
3819
3826
3818
3818
3818
3815
3819
3817
3812
3816
3815
3814
3814
3816
3826
3817
3844
3815
3816
3815
3844
3828
3816
3817
3817
3809
3815
3816
3815
3817
3823
3818
3817
3842
3827
3815
3813
3817
3825
3827
3820
3833
3822
3834
3826
3819
3815
3826
3807
3816
3814
3816
3816
3830
3816
3824
3817
3847
3823
3810
3816
3818
3817
3818
3819
3818
3835
3828
3846
3832
3827
3843
3821
3830
3833
3831
3827
3811
3832
3823
3831
3813
3821
3821
3820
3822
3823
3821
3818
3847
3822
3817
3819
3822
3834
3817
3821
3829
3825
3831
3825
3826
3823
3830
3852
3825
3820
3821
3835
3820
3821
3819
3819
3822
3821
3850
3823
3824
3827
3821
3835
3831
3824
3825
3825
3818
3821
3830
3825
3827
3834
3821
3832
3826
3834
3823
3823
3827
3846
3824
3829
3817
3821
3827
3831
3836
3829
3839
3842
3824
3828
3828
3824
3835
3850
3829
3824
3826
3829
3826
3826
3838
3843
3831
3829
3833
3844
3810
3827
3824
3833
3825
3828
3852
3828
3828
3842
3834
3838
3840
3830
3830
3826
3829
3833
3839
3830
3828
3830
3834
3831
3827
3832
3829
3840
3836
3839
3858
3831
3828
3854
3830
3830
3828
3833
3844
3831
3830
3827
3829
3832
3832
3843
3840
3827
3827
3830
3839
3835
3855
3828
3832
3833
3838
3831
3839
3819
3840
3829
3842
3832
3827
3840
3839
3833
3833
3831
3839
3834
3828
3832
3857
3831
3839
3836
3834
3831
3841
3828
3840
3832
3832
3854
3827
3835
3835
3833
3831
3836
3833
3837
3833
3839
3839
3839
3841
3844
3837
3842
3849
3842
3837
3833
3836
3865
3840
3833
3835
3837
3836
3847
3844
3840
3837
3840
3837
3863
3850
3840
3837
3871
3862
3836
3849
3836
3838
3843
3841
3848
3834
3854
3836
3846
3851
3841
3836
3842
3864
3840
3842
3847
3859
3842
3837
3835
3858
3834
3841
3841
3842
3868
3841
3864
3848
3844
3851
3838
3856
3840
3842
3838
3849
3843
3837
3868
3838
3839
3867
3844
3843
3842
3841
3839
3849
3867
3837
3841
3840
3844
3841
3840
3843
3841
3850
3852
3833
3847
3840
3840
3853
3854
3854
3839
3842
3840
3842
3844
3850
3842
3855
3847
3840
3843
3847
3855
3850
3842
3840
3848
3847
3866
3846
3847
3861
3845
3843
3843
3870
3844
3847
3841
3844
3843
3863
3855
3842
3844
3859
3846
3838
3844
3849
3867
3870
3851
3853
3842
3858
3840
3845
3845
3846
3858
3856
3846
3853
3845
3846
3850
3844
3842
3854
3848
3847
3860
3846
3850
3867
3853
3849
3850
3849
3847
3848
3876
3847
3848
3850
3853
3844
3863
3852
3848
3866
3857
3848
3848
3850
3849
3846
3849
3848
3858
3851
3853
3849
3850
3859
3842
3849
3872
3846
3855
3851
3850
3842
3877
3865
3852
3856
3854
3844
3848
3859
3880
3855
3856
3880
3854
3848
3863
3850
3852
3854
3848
3854
3857
3849
3855
3851
3858
3882
3889
3872
3867
3850
3860
3857
3878
3850
3851
3854
3851
3880
3850
3853
3857
3851
3861
3846
3856
3865
3870
3874
3857
3854
3864
3851
3859
3874
3852
3855
3851
3860
3856
3856
3853
3857
3854
3854
3865
3863
3852
3849
3863
3856
3852
3854
3849
3858
3855
3864
3857
3853
3852
3856
3864
3864
3854
3858
3854
3855
3852
3861
3865
3855
3855
3856
3860
3850
3885
3875
3858
3863
3880
3858
3859
3870
3867
3857
3854
3875
3858
3865
3857
3859
3859
3854
3860
3860
3865
3862
3879
3855
3854
3868
3877
3855
3854
3873
3886
3860
3866
3886
3885
3865
3858
3867
3871
3863
3859
3890
3858
3853
3855
3862
3864
3863
3881
3886
3853
3854
3854
3856
3881
3857
3858
3885
3861
3864
3875
3874
3884
3860
3885
3859
3862
3871
3864
3859
3861
3860
3878
3857
3857
3862
3858
3864
3859
3869
3856
3853
3858
3861
3859
3853
3855
3886
3861
3869
3873
3887
3860
3858
3866
3864
3859
3863
3861
3870
3865
3885
3864
3860
3869
3865
3861
3879
3871
3891
3865
3865
3886
3862
3877
3874
3863
3890
3867
3860
3864
3879
3864
3867
3874
3866
3857
3883
3868
3865
3858
3869
3888
3886
3880
3865
3868
3860
3874
3884
3860
3886
3866
3860
3877
3862
3895
3861
3863
3874
3859
3869
3865
3865
3863
3870
3864
3885
3861
3867
3866
3866
3886
3870
3870
3868
3879
3865
3864
3868
3871
3869
3865
3862
3877
3871
3861
3863
3895
3883
3862
3872
3871
3869
3870
3876
3870
3879
3880
3864
3864
3861
3884
3863
3890
3892
3872
3883
3861
3864
3869
3870
3870
3871
3880
3867
3890
3897
3874
3874
3880
3871
3866
3866
3875
3875
3870
3876
3880
3867
3883
3900
3866
3872
3895
3874
3890
3895
3865
3877
3897
3865
3868
3870
3881
3871
3865
3882
3873
3883
3882
3865
3895
3870
3866
3894
3881
3866
3866
3871
3865
3868
3874
3868
3867
3869
3868
3884
3868
3875
3899
3867
3877
3901
3871
3864
3870
3867
3868
3877
3874
3867
3871
3872
3869
3871
3886
3868
3900
3874
3881
3889
3878
3886
3869
3870
3876
3871
3896
3872
3870
3877
3904
3874
3883
3871
3878
3875
3871
3873
3869
3876
3869
3868
3879
3879
3877
3887
3869
3870
3882
3869
3898
3870
3893
3869
3872
3875
3869
3870
3870
3872
3869
3874
3870
3874
3877
3873
3884
3880
3895
3882
3881
3877
3873
3879
3871
3883
3880
3872
3867
3879
3875
3891
3879
3894
3875
3877
3873
3872
3898
3899
3869
3860
3872
3892
3876
3878
3904
3872
3877
3869
3873
3874
3888
3894
3899
3875
3878
3888
3879
3918
3878
3869
3890
3898
3873
3878
3874
3874
3874
3904
3877
3884
3875
3878
3880
3875
3881
3875
3877
3878
3891
3884
3876
3862
3875
3876
3896
3879
3879
3873
3888
3880
3872
3878
3875
3881
3873
3874
3874
3905
3875
3895
3873
3876
3876
3895
3879
3873
3900
3883
3879
3905
3909
3873
3882
3878
3877
3877
3880
3883
3898
3885
3900
3907
3882
3899
3871
3877
3876
3873
3880
3891
3890
3880
3880
3875
3904
3878
3878
3884
3888
3884
3882
3883
3885
3887
3879
3890
3875
3887
3881
3879
3881
3891
3876
3880
3880
3886
3892
3884
3879
3884
3885
3891
3879
3881
3875
3881
3890
3893
3881
3871
3884
3884
3877
3908
3888
3901
3876
3877
3887
3888
3915
3882
3881
3880
3886
3883
3901
3879
3898
3885
3873
3879
3880
3885
3885
3877
3878
3884
3899
3876
3886
3883
3878
3882
3882
3892
3878
3878
3885
3874
3889
3878
3882
3893
3883
3886
3880
3877
3910
3875
3876
3876
3883
3911
3887
3888
3892
3886
3899
3883
3879
3878
3885
3901
3881
3877
3895
3876
3875
3899
3879
3880
3885
3887
3901
3926
3913
3878
3885
3895
3887
3893
3881
3880
3881
3890
3883
3882
3894
3878
3912
3893
3885
3884
3885
3882
3886
3889
3892
3884
3882
3899
3897
3883
3896
3888
3885
3893
3898
3879
3885
3896
3908
3883
3891
3890
3904
3901
3886
3885
3905
3909
3892
3882
3891
3897
3898
3890
3896
3887
3881
3895
3899
3888
3882
3880
3890
3885
3895
3902
3893
3904
3885
3880
3882
3886
3915
3919
3894
3896
3883
3881
3885
3895
3869
3893
3883
3905
3907
3892
3886
3877
3889
3887
3887
3882
3883
3890
3882
3891
3893
3877
3915
3885
3882
3910
3897
3890
3885
3891
3916
3886
3888
3907
3888
3900
3888
3882
3888
3893
3885
3887
3897
3887
3887
3892
3891
3926
3920
3902
3886
3898
3884
3891
3882
3886
3887
3890
3887
3902
3898
3889
3884
3884
3888
3890
3884
3889
3906
3889
3891
3899
3909
3888
3888
3892
3891
3887
3891
3891
3883
3894
3881
3900
3890
3889
3897
3889
3890
3905
3882
3890
3882
3885
3886
3882
3892
3913
3900
3898
3892
3887
3886
3885
3891
3890
3896
3894
3890
3884
3898
3897
3888
3903
3909
3892
3911
3898
3888
3896
3893
3897
3916
3910
3896
3889
3892
3901
3894
3893
3909
3894
3909
3895
3905
3890
3896
3886
3890
3886
3907
3897
3906
3894
3895
3896
3894
3894
3892
3895
3896
3889
3880
3895
3893
3890
3890
3888
3900
3893
3899
3890
3901
3910
3899
3895
3895
3885
3895
3891
3889
3889
3903
3888
3887
3893
3892
3894
3912
3921
3891
3893
3890
3891
3895
3887
3894
3892
3901
3889
3892
3911
3891
3893
3894
3895
3893
3901
3891
3905
3898
3888
3917
3887
3904
3897
3897
3887
3900
3903
3897
3895
3888
3890
3895
3891
3903
3902
3900
3906
3893
3893
3894
3888
3902
3914
3901
3891
3892
3894
3894
3899
3891
3899
3922
3913
3895
3894
3891
3893
3889
3894
3896
3926
3893
3897
3901
3892
3895
3893
3898
3914
3892
3895
3901
3920
3890
3892
3896
3892
3899
3912
3911
3908
3889
3901
3891
3895
3898
3895
3897
3901
3897
3896
3891
3902
3900
3908
3914
3900
3892
3894
3894
3891
3901
3891
3908
3898
3903
3906
3919
3890
3892
3901
3891
3905
3894
3896
3894
3904
3926
3905
3893
3904
3910
3899
3911
3903
3898
3895
3902
3895
3896
3895
3893
3890
3892
3896
3928
3904
3925
3897
3909
3900
3897
3921
3897
3897
3899
3909
3911
3914
3899
3894
3894
3899
3898
3897
3892
3896
3898
3904
3898
3910
3897
3912
3907
3901
3899
3895
3900
3896
3895
3894
3906
3892
3904
3906
3912
3897
3910
3892
3895
3910
3918
3906
3902
3915
3894
3894
3900
3908
3899
3900
3896
3913
3896
3896
3909
3903
3901
3923
3896
3896
3898
3899
3900
3901
3894
3910
3906
3897
3917
3895
3920
3904
3909
3904
3894
3903
3896
3900
3901
3898
3919
3915
3897
3896
3895
3899
3899
3899
3898
3903
3917
3914
3904
3903
3899
3898
3897
3896
3922
3908
3897
3902
3909
3904
3897
3906
3885
3896
3904
3900
3897
3919
3898
3928
3894
3916
3901
3893
3900
3905
3900
3895
3896
3898
3918
3927
3914
3900
3900
3901
3900
3903
3906
3896
3901
3900
3923
3899
3923
3903
3923
3900
3905
3894
3902
3909
3904
3907
3905
3904
3902
3899
3900
3903
3920
3899
3906
3900
3902
3895
3900
3901
3900
3901
3903
3916
3904
3906
3904
3901
3901
3899
3905
3904
3902
3898
3901
3905
3902
3901
3910
3910
3920
3902
3904
3902
3905
3903
3910
3900
3907
3925
3904
3906
3901
3896
3911
3908
3910
3898
3894
3899
3902
3913
3927
3901
3914
3907
3910
3900
3901
3898
3909
3900
3926
3923
3921
3899
3899
3906
3899
3916
3918
3917
3894
3917
3900
3908
3920
3927
3900
3896
3928
3899
3915
3901
3930
3908
3903
3897
3910
3900
3903
3901
3902
3899
3907
3902
3917
3902
3903
3911
3895
3924
3905
3899
3903
3899
3899
3906
3901
3901
3911
3902
3897
3897
3900
3920
3910
3910
3920
3927
3902
3907
3908
3905
3940
3903
3903
3904
3915
3905
3907
3917
3920
3926
3903
3897
3905
3911
3915
3930
3909
3900
3905
3906
3920
3902
3929
3905
3913
3907
3914
3907
3911
3906
3912
3901
3899
3907
3906
3899
3905
3902
3909
3903
3902
3907
3901
3903
3902
3936
3910
3904
3903
3897
3928
3907
3909
3914
3914
3906
3902
3903
3913
3905
3904
3909
3918
3916
3937
3920
3916
3902
3931
3901
3910
3912
3925
3907
3899
3907
3902
3907
3899
3907
3903
3914
3909
3906
3905
3919
3904
3914
3921
3907
3922
3908
3913
3904
3901
3929
3907
3909
3903
3900
3927
3905
3903
3908
3892
3902
3936
3909
3903
3936
3904
3916
3928
3908
3904
3919
3904
3923
3907
3916
3902
3902
3906
3906
3913
3902
3903
3926
3904
3911
3905
3896
3905
3920
3911
3902
3938
3904
3905
3914
3905
3903
3916
3904
3902
3906
3916
3905
3916
3917
3905
3904
3908
3915
3901
3913
3925
3903
3908
3907
3902
3915
3914
3905
3919
3909
3924
3912
3906
3903
3941
3920
3903
3910
3907
3916
3899
3906
3911
3913
3912
3909
3905
3906
3902
3914
3912
3901
3904
3917
3935
3906
3908
3901
3907
3928
3906
3920
3904
3917
3905
3910
3907
3900
3930
3930
3910
3912
3916
3926
3907
3899
3900
3902
3905
3930
3925
3910
3937
3904
3909
3903
3917
3914
3908
3905
3901
3911
3915
3923
3905
3904
3924
3913
3917
3909
3906
3905
3908
3917
3908
3909
3913
3901
3904
3903
3909
3908
3913
3907
3904
3901
3904
3912
3906
3908
3900
3904
3908
3921
3900
3908
3909
3909
3901
3940
3909
3914
3903
3913
3907
3909
3917
3903
3913
3910
3915
3910
3907
3911
3914
3918
3911
3917
3910
3911
3924
3911
3904
3922
3923
3921
3910
3914
3920
3907
3934
3915
3904
3920
3909
3911
3919
3903
3919
3916
3903
3908
3906
3910
3932
3923
3907
3916
3907
3903
3926
3931
3918
3936
3909
3907
3912
3911
3931
3912
3923
3911
3928
3908
3906
3903
3918
3932
3908
3904
3910
3922
3910
3941
3921
3902
3917
3907
3913
3903
3903
3914
3937
3908
3907
3925
3937
3915
3928
3907
3909
3912
3915
3908
3905
3908
3956
3910
3918
3915
3929
3911
3908
3922
3918
3910
3911
3929
3909
3916
3921
3912
3914
3913
3913
3910
3913
3931
3925
3919
3914
3906
3907
3928
3909
3916
3912
3909
3905
3907
3923
3922
3915
3929
3910
3905
3915
3915
3927
3911
3907
3904
3909
3917
3927
3920
3905
3924
3912
3905
3928
3912
3910
3917
3904
3915
3913
3922
3936
3915
3924
3919
3921
3916
3910
3911
3914
3911
3909
3926
3930
3915
3917
3913
3917
3910
3922
3917
3912
3934
3925
3924
3921
3918
3914
3911
3913
3907
3941
3908
3906
3907
3930
3915
3905
3921
3909
3896
3904
3911
3918
3929
3909
3909
3925
3911
3919
3923
3908
3907
3908
3919
3908
3913
3911
3924
3910
3931
3900
3913
3935
3909
3926
3913
3909
3937
3910
3919
3914
3918
3914
3925
3916
3910
3919
3913
3913
3911
3912
3914
3917
3939
3903
3917
3908
3913
3912
3914
3910
3926
3916
3907
3918
3916
3905
3913
3937
3912
3932
3910
3935
3938
3921
3908
3906
3913
3912
3909
3917
3922
3913
3905
3909
3908
3914
3909
3908
3918
3896
3914
3925
3914
3908
3910
3928
3937
3912
3912
3912
3910
3923
3912
3936
3915
3926
3911
3916
3912
3911
3937
3945
3913
3913
3911
3910
3918
3916
3908
3915
3911
3911
3937
3914
3921
3919
3910
3910
3911
3924
3914
3912
3912
3939
3922
3923
3911
3932
3914
3925
3947
3895
3934
3912
3921
3910
3913
3915
3910
3916
3910
3915
3916
3933
3937
3910
3917
3926
3909
3918
3907
3920
3908
3911
3948
3915
3915
3917
3913
3937
3943
3907
3909
3916
3913
3926
3922
3922
3907
3941
3906
3911
3908
3914
3915
3913
3929
3915
3913
3917
3912
3908
3908
3909
3912
3923
3934
3914
3932
3942
3914
3925
3913
3912
3912
3927
3917
3918
3908
3910
3915
3936
3920
3918
3920
3923
3911
3915
3914
3926
3911
3907
3915
3942
3910
3912
3917
3915
3911
3912
3916
3918
3912
3911
3951
3921
3917
3921
3913
3934
3914
3914
3910
3913
3912
3918
3914
3916
3936
3911
3913
3926
3920
3916
3922
3913
3914
3915
3934
3922
3915
3916
3909
3915
3920
3911
3913
3920
3913
3907
3917
3908
3914
3937
3913
3923
3912
3956
3913
3914
3927
3916
3913
3931
3918
3906
3916
3939
3915
3912
3923
3913
3919
3913
3912
3920
3914
3917
3913
3920
3929
3912
3929
3916
3913
3922
3907
3910
3923
3918
3932
3927
3930
3914
3910
3932
3906
3912
3912
3917
3915
3917
3928
3941
3916
3920
3910
3915
3921
3915
3911
3914
3923
3922
3918
3918
3913
3911
3911
3906
3913
3922
3944
3922
3917
3921
3911
3909
3916
3917
3915
3912
3918
3913
3937
3923
3937
3915
3917
3915
3914
3914
3914
3915
3907
3917
3913
3919
3910
3938
3913
3914
3918
3936
3912
3914
3918
3914
3929
3915
3938
3913
3930
3917
3915
3916
3912
3914
3915
3914
3929
3913
3929
3914
3942
3919
3915
3923
3916
3924
3941
3912
3920
3918
3917
3932
3912
3913
3919
3916
3934
3915
3915
3925
3916
3915
3914
3923
3915
3917
3919
3916
3919
3943
3925
3957
3912
3913
3939
3928
3913
3915
3922
3919
3919
3920
3912
3914
3923
3932
3911
3915
3915
3928
3916
3917
3917
3916
3920
3918
3916
3913
3918
3937
3916
3916
3923
3910
3914
3922
3936
3921
3911
3912
3920
3930
3916
3919
3926
3922
3929
3916
3918
3914
3918
3945
3939
3917
3914
3914
3950
3918
3912
3913
3921
3913
3918
3916
3915
3944
3926
3923
3923
3940
3915
3913
3927
3942
3911
3914
3925
3922
3914
3925
3921
3923
3944
3919
3915
3924
3912
3926
3916
3913
3944
3913
3897
3915
3943
3917
3920
3917
3919
3924
3917
3935
3923
3913
3911
3912
3921
3920
3918
3921
3916
3925
3918
3915
3925
3923
3915
3919
3914
3916
3926
3915
3918
3915
3917
3919
3916
3932
3919
3916
3915
3936
3923
3918
3913
3923
3917
3900
3939
3919
3924
3919
3944
3916
3917
3917
3928
3915
3914
3922
3916
3913
3922
3943
3919
3924
3931
3915
3918
3920
3921
3915
3920
3924
3938
3934
3944
3922
3914
3923
3922
3925
3916
3934
3925
3919
3934
3916
3905
3923
3917
3948
3943
3913
3913
3936
3922
3927
3925
3922
3916
3918
3920
3914
3915
3918
3922
3917
3919
3931
3922
3927
3914
3918
3928
3945
3917
3916
3923
3917
3917
3918
3921
3925
3916
3917
3922
3917
3924
3917
3927
3915
3918
3942
3925
3921
3919
3950
3943
3932
3953
3902
3914
3925
3924
3932
3919
3913
3923
3912
3923
3920
3919
3912
3920
3924
3922
3942
3921
3918
3917
3917
3917
3918
3920
3921
3918
3915
3917
3923
3919
3926
3917
3925
3907
3945
3923
3922
3930
3927
3920
3918
3918
3927
3919
3915
3924
3921
3930
3947
3920
3928
3916
3926
3918
3939
3915
3924
3948
3916
3918
3915
3919
3930
3927
3919
3917
3938
3920
3941
3917
3914
3916
3923
3916
3936
3928
3919
3922
3917
3918
3921
3919
3917
3919
3919
3924
3913
3921
3920
3925
3913
3918
3916
3946
3916
3937
3919
3947
3916
3916
3926
3917
3928
3920
3919
3913
3916
3917
3921
3902
3942
3936
3927
3926
3922
3907
3914
3933
3919
3944
3920
3927
3917
3937
3924
3916
3914
3915
3924
3924
3925
3918
3917
3920
3926
3915
3917
3931
3936
3916
3920
3938
3914
3918
3930
3926
3932
3922
3914
3942
3931
3931
3924
3916
3919
3921
3917
3945
3922
3920
3922
3919
3926
3918
3957
3923
3918
3949
3926
3918
3928
3912
3915
3927
3922
3922
3944
3922
3927
3928
3935
3916
3922
3919
3922
3919
3939
3936
3916
3921
3918
3919
3953
3938
3926
3926
3920
3928
3926
3926
3940
3917
3948
3923
3917
3916
3941
3921
3924
3931
3921
3931
3931
3916
3924
3924
3930
3919
3927
3919
3916
3926
3923
3921
3928
3919
3921
3917
3925
3931
3927
3924
3935
3917
3918
3919
3941
3927
3930
3923
3919
3921
3942
3915
3952
3919
3914
3920
3937
3952
3917
3940
3917
3918
3922
3956
3940
3922
3918
3917
3918
3919
3932
3916
3919
3917
3936
3921
3919
3920
3924
3947
3918
3949
3926
3916
3917
3917
3920
3933
3920
3917
3931
3939
3930
3940
3920
3920
3918
3922
3924
3918
3933
3932
3921
3926
3911
3920
3922
3918
3920
3924
3937
3924
3924
3919
3917
3930
3941
3919
3930
3919
3923
3919
3925
3921
3922
3923
3946
3930
3917
3926
3917
3920
3923
3940
3924
3935
3932
3926
3942
3933
3920
3929
3914
3923
3923
3926
3910
3927
3919
3915
3928
3937
3937
3926
3948
3963
3923
3930
3916
3940
3924
3932
3928
3917
3918
3929
3920
3921
3933
3924
3918
3943
3922
3918
3918
3926
3918
3935
3936
3925
3920
3925
3936
3921
3925
3924
3935
3920
3921
3945
3922
3920
3925
3925
3919
3933
3924
3910
3915
3922
3933
3927
3917
3924
3917
3921
3916
3932
3933
3924
3919
3933
3921
3934
3937
3921
3926
3923
3922
3919
3926
3919
3915
3943
3917
3915
3940
3924
3923
3921
3943
3916
3923
3923
3924
3925
3916
3915
3921
3923
3919
3922
3933
3920
3923
3929
3925
3922
3919
3937
3930
3920
3922
3924
3920
3928
3935
3923
3923
3921
3930
3924
3919
3940
3917
3936
3924
3919
3918
3927
3924
3933
3917
3917
3921
3920
3948
3945
3918
3924
3949
3944
3926
3930
3927
3930
3939
3914
3930
3943
3919
3950
3923
3929
3916
3940
3920
3916
3921
3936
3920
3924
3924
3923
3925
3924
3925
3918
3927
3926
3921
3923
3925
3943
3920
3930
3919
3930
3918
3923
3926
3920
3917
3931
3935
3919
3922
3922
3917
3947
3923
3922
3924
3920
3920
3918
3917
3928
3935
3929
3919
3922
3925
3916
3921
3926
3946
3923
3927
3935
3940
3917
3921
3941
3943
3919
3920
3923
3961
3927
3918
3930
3941
3923
3950
3920
3947
3948
3919
3933
3923
3920
3920
3928
3925
3947
3927
3921
3924
3918
3920
3921
3928
3941
3947
3916
3934
3923
3926
3920
3924
3932
3921
3926
3924
3922
3945
3926
3923
3933
3926
3940
3924
3949
3920
3923
3930
3925
3933
3925
3938
3923
3922
3924
3920
3921
3929
3940
3925
3929
3918
3922
3959
3917
3926
3922
3916
3923
3922
3952
3921
3944
3922
3922
3922
3932
3925
3931
3924
3934
3925
3925
3948
3919
3916
3923
3946
3927
3920
3928
3948
3928
3933
3922
3922
3922
3924
3919
3921
3922
3922
3925
3951
3921
3918
3917
3925
3924
3948
3922
3928
3923
3922
3945
3917
3930
3941
3914
3931
3959
3923
3922
3938
3945
3921
3926
3927
3918
3921
3926
3919
3928
3924
3927
3926
3941
3923
3922
3944
3920
3929
3925
3944
3924
3923
3933
3924
3926
3925
3934
3932
3909
3929
3927
3932
3942
3925
3929
3918
3923
3919
3930
3923
3935
3952
3925
3923
3923
3928
3922
3940
3928
3922
3941
3918
3923
3938
3923
3919
3934
3928
3928
3921
3924
3949
3946
3926
3917
3927
3921
3919
3915
3923
3946
3932
3930
3926
3916
3924
3921
3955
3923
3919
3902
3926
3923
3928
3928
3928
3921
3918
3933
3923
3918
3940
3945
3944
3922
3928
3922
3935
3921
3927
3929
3922
3946
3915
3930
3923
3920
3944
3921
3922
3921
3919
3921
3921
3921
3919
3919
3926
3922
3920
3923
3942
3920
3927
3926
3932
3933
3949
3928
3926
3931
3923
3914
3923
3922
3927
3925
3920
3922
3922
3926
3921
3921
3926
3931
3923
3927
3931
3938
3922
3923
3922
3954
3924
3923
3936
3921
3931
3931
3927
3921
3921
3951
3953
3925
3924
3937
3918
3944
3930
3928
3927
3921
3922
3915
3919
3930
3923
3938
3919
3943
3955
3924
3938
3922
3921
3933
3928
3932
3926
3936
3899
3910
3926
3916
3942
3925
3920
3926
3931
3953
3920
3932
3933
3924
3927
3925
3939
3928
3934
3924
3949
3927
3919
3918
3920
3930
3919
3932
3927
3927
3920
3918
3923
3921
3926
3929
3921
3916
3923
3927
3922
3922
3923
3926
3922
3942
3923
3956
3927
3923
3925
3928
3918
3922
3931
3927
3929
3933
3932
3919
3928
3919
3929
3936
3940
3942
3944
3918
3928
3934
3913
3923
3926
3923
3931
3919
3925
3948
3922
3923
3921
3922
3926
3925
3924
3921
3924
3924
3924
3933
3922
3926
3925
3921
3927
3944
3941
3926
3921
3944
3924
3920
3932
3927
3942
3941
3922
3920
3926
3927
3922
3950
3936
3924
3933
3927
3924
3944
3927
3934
3917
3925
3927
3920
3919
3931
3916
3922
3923
3927
3921
3918
3950
3929
3929
3921
3928
3952
3927
3928
3945
3928
3920
3923
3923
3926
3940
3920
3940
3931
3919
3927
3922
3923
3947
3919
3928
3920
3920
3917
3922
3922
3923
3921
3921
3926
3923
3952
3922
3934
3918
3946
3923
3921
3925
3935
3930
3944
3919
3919
3923
3922
3919
3928
3934
3937
3917
3919
3920
3923
3922
3924
3927
3920
3923
3928
3925
3930
3941
3925
3925
3926
3924
3951
3926
3925
3924
3924
3955
3929
3938
3934
3923
3950
3927
3933
3936
3928
3952
3950
3933
3927
3922
3926
3939
3922
3940
3922
3933
3924
3926
3921
3928
3912
3919
3926
3925
3929
3925
3933
3950
3921
3932
3933
3930
3937
3922
3923
3930
3922
3918
3925
3918
3928
3943
3927
3926
3924
3917
3924
3964
3927
3925
3935
3923
3925
3917
3936
3933
3927
3946
3925
3947
3925
3908
3926
3923
3937
3926
3926
3944
3935
3924
3922
3925
3922
3922
3955
3924
3921
3925
3928
3925
3932
3929
3950
3952
3925
3940
3924
3921
3924
3950
3922
3918
3923
3953
3937
3929
3945
3921
3925
3925
3941
3923
3919
3920
3936
3923
3927
3925
3937
3921
3924
3921
3943
3929
3923
3930
3925
3923
3919
3924
3942
3922
3929
3947
3927
3921
3919
3927
3947
3923
3922
3943
3926
3945
3923
3928
3933
3931
3919
3924
3928
3954
3937
3923
3925
3930
3925
3923
3926
3930
3924
3931
3939
3925
3945
3928
3949
3932
3922
3927
3920
3931
3947
3939
3943
3932
3926
3921
3921
3922
3923
3927
3930
3926
3910
3931
3935
3919
3921
3926
3948
3926
3951
3923
3921
3922
3924
3920
3949
3923
3919
3923
3952
3925
3931
3932
3939
3928
3927
3948
3941
3934
3923
3930
3925
3924
3929
3924
3921
3932
3924
3914
3936
3922
3932
3926
3922
3922
3926
3929
3919
3925
3927
3924
3921
3922
3920
3919
3940
3943
3923
3924
3924
3923
3934
3928
3921
3944
3937
3924
3923
3923
3929
3937
3926
3925
3932
3929
3929
3937
3929
3925
3928
3921
3920
3926
3929
3925
3924
3936
3923
3930
3945
3919
3928
3921
3923
3928
3925
3934
3935
3965
3955
3924
3922
3925
3926
3939
3944
3925
3921
3924
3923
3936
3924
3922
3926
3925
3939
3934
3931
3919
3926
3930
3933
3922
3916
3925
3932
3920
3930
3941
3917
3932
3963
3935
3953
3921
3929
3954
3921
3920
3937
3928
3930
3931
3937
3945
3926
3930
3921
3924
3947
3923
3928
3926
3916
3925
3926
3922
3941
3940
3953
3926
3949
3950
3927
3929
3925
3928
3923
3934
3928
3920
3937
3921
3918
3930
3936
3917
3929
3928
3931
3940
3927
3922
3934
3924
3927
3939
3921
3925
3923
3927
3936
3933
3927
3925
3931
3932
3931
3951
3927
3928
3928
3924
3925
3928
3924
3933
3926
3922
3924
3955
3924
3924
3940
3922
3953
3922
3927
3919
3919
3924
3926
3946
3927
3923
3933
3924
3930
3921
3943
3945
3926
3926
3929
3928
3935
3940
3930
3923
3923
3933
3950
3924
3920
3921
3945
3923
3938
3946
3928
3924
3935
3928
3926
3934
3952
3924
3932
3933
3929
3926
3922
3943
3932
3933
3932
3937
3925
3948
3935
3921
3926
3928
3926
3926
3951
3924
3922
3935
3925
3927
3930
3927
3923
3928
3936
3937
3940
3946
3942
3933
3937
3926
3926
3923
3949
3920
3944
3940
3930
3922
3928
3925
3948
3925
3928
3921
3926
3954
3933
3922
3924
3921
3928
3924
3924
3939
3923
3930
3936
3925
3932
3926
3938
3932
3926
3927
3962
3926
3928
3930
3927
3923
3925
3929
3951
3921
3945
3932
3924
3927
3937
3926
3936
3927
3933
3927
3938
3929
3924
3940
3939
3925
3926
3926
3937
3935
3924
3929
3929
3920
3962
3950
3930
3924
3927
3924
3924
3923
3929
3921
3933
3930
3929
3943
3940
3928
3953
3935
3920
3923
3920
3947
3927
3947
3928
3934
3949
3927
3930
3927
3930
3933
3930
3923
3942
3932
3950
3926
3927
3929
3922
3925
3928
3930
3922
3950
3929
3922
3929
3927
3920
3928
3931
3930
3925
3928
3924
3928
3953
3929
3924
3924
3932
3924
3939
3935
3928
3929
3926
3948
3934
3930
3923
3929
3928
3924
3927
3949
3926
3934
3928
3929
3935
3925
3925
3921
3933
3926
3928
3923
3931
3954
3924
3933
3925
3933
3925
3928
3925
3950
3930
3928
3927
3923
3923
3936
3935
3950
3925
3943
3927
3924
3927
3930
3948
3918
3930
3923
3930
3925
3929
3928
3924
3932
3947
3920
3926
3909
3924
3933
3924
3938
3943
3926
3931
3924
3936
3925
3940
3925
3922
3930
3928
3931
3930
3937
3924
3944
3922
3927
3925
3924
3959
3924
3935
3944
3931
3942
3930
3920
3936
3931
3925
3924
3924
3924
3933
3924
3963
3934
3929
3932
3935
3932
3929
3925
3928
3928
3932
3926
3930
3931
3930
3934
3937
3927
3956
3924
3928
3926
3927
3926
3928
3951
3926
3925
3925
3928
3934
3924
3922
3945
3927
3934
3951
3931
3956
3950
3945
3927
3924
3926
3926
3939
3944
3943
3942
3925
3924
3923
3940
3930
3925
3927
3933
3942
3939
3929
3928
3933
3927
3930
3933
3955
3915
3933
3932
3926
3930
3926
3922
3928
3924
3950
3923
3942
3953
3959
3936
3924
3923
3938
3931
3931
3927
3928
3934
3924
3937
3928
3926
3923
3929
3925
3944
3922
3932
3923
3927
3926
3927
3946
3926
3922
3926
3923
3926
3926
3935
3926
3926
3931
3946
3944
3931
3920
3926
3930
3921
3928
3924
3927
3936
3929
3926
3931
3957
3925
3938
3935
3921
3939
3930
3936
3926
3947
3923
3926
3941
3924
3946
3928
3950
3927
3924
3925
3926
3931
3930
3927
3929
3926
3925
3924
3938
3922
3929
3927
3931
3943
3950
3926
3928
3921
3918
3933
3927
3942
3924
3932
3925
3934
3951
3920
3927
3933
3934
3928
3929
3923
3924
3941
3951
3922
3924
3956
3921
3926
3927
3926
3925
3922
3924
3931
3921
3925
3937
3931
3952
3928
3932
3926
3929
3922
3948
3929
3931
3923
3930
3935
3924
3954
3949
3945
3930
3932
3923
3928
3920
3941
3939
3928
3925
3924
3947
3925
3923
3926
3931
3947
3930
3925
3925
3925
3930
3919
3925
3931
3948
3934
3960
3936
3923
3927
3937
3932
3928
3934
3930
3929
3922
3931
3925
3943
3945
3937
3928
3938
3929
3932
3930
3937
3929
3928
3935
3928
3924
3935
3930
3928
3932
3928
3926
3935
3925
3923
3931
3935
3921
3932
3925
3926
3956
3950
3924
3933
3933
3918
3945
3924
3954
3954
3947
3923
3925
3951
3932
3938
3923
3925
3922
3930
3926
3937
3958
3927
3929
3930
3942
3927
3923
3930
3922
3950
3949
3954
3921
3922
3923
3933
3928
3932
3931
3930
3931
3924
3923
3936
3923
3948
3924
3927
3925
3953
3930
3924
3928
3934
3920
3926
3955
3930
3934
3931
3945
3925
3933
3926
3946
3925
3950
3950
3923
3926
3932
3926
3951
3926
3925
3932
3925
3943
3931
3924
3927
3928
3937
3933
3952
3927
3923
3921
3924
3928
3924
3925
3927
3946
3924
3958
3925
3931
3933
3935
3916
3928
3926
3932
3926
3926
3936
3932
3929
3938
3924
3930
3945
3928
3932
3932
3929
3928
3929
3926
3926
3929
3931
3922
3926
3931
3919
3924
3936
3950
3932
3924
3935
3930
3949
3931
3921
3930
3935
3950
3948
3951
3930
3925
3954
3956
3923
3954
3936
3932
3948
3933
3929
3924
3929
3940
3928
3924
3927
3928
3928
3930
3929
3929
3930
3928
3932
3962
3928
3942
3943
3936
3937
3926
3927
3927
3926
3924
3925
3932
3923
3925
3930
3953
3931
3935
3929
3934
3924
3926
3932
3932
3931
3930
3944
3927
3932
3927
3931
3962
3947
3925
3926
3944
3930
3934
3933
3926
3929
3937
3952
3930
3925
3930
3927
3932
3934
3923
3930
3930
3927
3931
3929
3933
3929
3935
3942
3930
3932
3929
3933
3950
3929
3935
3931
3951
3924
3931
3924
3954
3925
3925
3939
3929
3932
3931
3931
3925
3931
3929
3943
3927
3937
3943
3946
3932
3942
3931
3928
3926
3949
3928
3931
3930
3925
3925
3928
3929
3925
3931
3928
3927
3932
3934
3946
3940
3925
3941
3930
3934
3929
3942
3927
3927
3947
3952
3927
3923
3930
3929
3957
3934
3926
3941
3937
3923
3930
3934
3927
3938
3929
3929
3929
3933
3926
3945
3934
3933
3927
3933
3927
3923
3944
3932
3935
3928
3928
3936
3956
3951
3931
3942
3928
3939
3939
3927
3930
3946
3927
3935
3931
3934
3940
3943
3932
3933
3939
3936
3931
3933
3949
3928
3927
3929
3929
3934
3931
3943
3934
3928
3932
3937
3929
3952
3929
3928
3934
3960
3975
3948
3934
3927
3938
3917
3939
3926
3926
3937
3928
3930
3969
3931
3931
3926
3951
3928
3927
3936
3930
3931
3932
3944
3933
3936
3929
3929
3935
3927
3949
3950
3917
3929
3925
3939
3927
3934
3940
3927
3928
3929
3931
3939
3931
3941
3953
3932
3928
3929
3942
3931
3931
3934
3931
3960
3933
3924
3950
3943
3922
3933
3929
3927
3931
3935
3927
3936
3941
3929
3934
3921
3930
3931
3934
3965
3938
3939
3929
3938
3944
3934
3957
3928
3930
3930
3940
3932
3929
3963
3942
3931
3929
3928
3930
3933
3933
3954
3956
3928
3924
3924
3959
3951
3926
3931
3928
3936
3929
3933
3936
3944
3929
3930
3938
3958
3936
3931
3928
3934
3941
3929
3932
3934
3932
3953
3944
3947
3945
3929
3934
3939
3937
3930
3935
3939
3929
3932
3930
3931
3937
3939
3937
3926
3940
3927
3927
3932
3931
3944
3946
3935
3927
3924
3936
3929
3928
3925
3933
3935
3931
3964
3936
3940
3955
3926
3928
3933
3928
3956
3934
3953
3951
3940
3932
3934
3929
3941
3930
3935
3947
3934
3942
3927
3932
3924
3938
3920
3928
3927
3949
3930
3956
3930
3936
3931
3954
3932
3929
3932
3950
3926
3935
3946
3929
3931
3931
3959
3929
3949
3924
3935
3935
3928
3936
3925
3929
3923
3935
3941
3926
3943
3940
3927
3937
3928
3931
3934
3928
3958
3927
3930
3944
3940
3930
3927
3932
3934
3930
3937
3925
3925
3926
3950
3930
3945
3927
3965
3929
3928
3924
3936
3931
3959
3927
3927
3955
3930
3929
3945
3934
3933
3936
3932
3932
3933
3948
3926
3938
3931
3928
3930
3934
3929
3950
3936
3930
3941
3937
3936
3928
3924
3934
3934
3932
3928
3936
3933
3946
3943
3937
3933
3947
3952
3928
3936
3959
3934
3938
3934
3942
3933
3931
3926
3937
3936
3923
3929
3937
3941
3936
3927
3934
3932
3931
3939
3931
3934
3934
3933
3953
3952
3930
3930
3938
3927
3933
3930
3956
3928
3931
3951
3927
3930
3930
3930
3940
3930
3933
3970
3927
3927
3965
3927
3933
3934
3942
3928
3937
3929
3941
3925
3939
3927
3951
3930
3930
3957
3943
3925
3927
3957
3929
3940
3952
3924
3927
3939
3930
3943
3928
3927
3930
3934
3933
3937
3935
3930
3929
3935
3931
3961
3934
3940
3925
3947
3933
3938
3939
3933
3953
3937
3934
3928
3940
3919
3933
3934
3928
3938
3952
3951
3932
3935
3933
3943
3938
3936
3933
3943
3941
3932
3929
3927
3930
3925
3938
3926
3932
3938
3933
3933
3934
3949
3934
3929
3928
3931
3949
3939
3928
3936
3940
3935
3939
3943
3934
3933
3926
3932
3926
3931
3933
3928
3936
3936
3933
3959
3931
3931
3941
3933
3933
3931
3940
3932
3938
3929
3933
3938
3941
3933
3933
3954
3953
3930
3934
3939
3937
3929
3937
3941
3932
3930
3951
3945
3935
3918
3943
3958
3931
3934
3930
3935
3935
3958
3929
3930
3926
3960
3933
3949
3934
3941
3930
3942
3937
3945
3950
3954
3934
3935
3937
3960
3932
3932
3928
3948
3940
3945
3933
3937
3928
3938
3945
3931
3929
3945
3935
3937
3931
3940
3930
3928
3962
3936
3960
3931
3932
3944
3933
3930
3950
3932
3931
3931
3941
3935
3930
3931
3945
3932
3938
3939
3929
3942
3933
3932
3933
3926
3930
3938
3934
3932
3929
3938
3928
3935
3933
3934
3935
3936
3933
3933
3966
3950
3958
3947
3929
3928
3932
3936
3964
3943
3940
3942
3931
3964
3955
3933
3930
3928
3935
3933
3943
3932
3942
3935
3941
3929
3933
3930
3938
3932
3924
3929
3929
3926
3930
3932
3937
3943
3932
3930
3928
3935
3924
3938
3940
3944
3939
3931
3930
3935
3935
3930
3937
3945
3937
3946
3937
3937
3937
3927
3929
3931
3930
3940
3927
3941
3942
3956
3933
3949
3935
3927
3932
3939
3942
3934
3936
3932
3960
3928
3930
3929
3928
3951
3926
3954
3931
3940
3926
3936
3960
3940
3927
3925
3943
3932
3936
3935
3932
3940
3939
3943
3933
3941
3934
3951
3927
3933
3929
3934
3932
3934
3934
3948
3935
3945
3943
3943
3954
3929
3927
3937
3930
3939
3931
3940
3933
3941
3934
3941
3935
3934
3931
3938
3933
3925
3927
3931
3931
3936
3930
3931
3932
3926
3939
3937
3947
3956
3945
3937
3931
3932
3928
3939
3933
3934
3964
3928
3944
3951
3929
3933
3931
3937
3931
3949
3929
3940
3932
3940
3959
3931
3935
3931
3937
3933
3948
3946
3936
3937
3935
3938
3936
3925
3937
3930
3930
3932
3939
3931
3957
3935
3948
3937
3940
3935
3927
3933
3939
3932
3934
3937
3933
3937
3929
3937
3953
3933
3931
3935
3940
3931
3933
3926
3937
3938
3931
3940
3938
3959
3944
3931
3935
3942
3930
3954
3957
3935
3929
3934
3944
3946
3941
3939
3958
3932
3930
3925
3925
3926
3951
3935
3940
3936
3941
3936
3942
3933
3931
3929
3933
3926
3933
3929
3938
3933
3933
3943
3954
3932
3939
3930
3937
3932
3937
3945
3935
3944
3928
3938
3935
3935
3934
3931
3936
3949
3950
3934
3945
3933
3932
3949
3933
3936
3933
3930
3943
3935
3934
3955
3935
3934
3928
3934
3941
3932
3924
3932
3943
3936
3933
3938
3941
3941
3934
3947
3929
3919
3936
3932
3931
3942
3946
3944
3932
3945
3935
3944
3940
3927
3934
3936
3934
3943
3961
3958
3951
3931
3929
3947
3926
3934
3951
3935
3934
3953
3938
3935
3929
3938
3951
3936
3938
3944
3935
3932
3940
3957
3929
3936
3944
3934
3945
3932
3933
3932
3961
3933
3932
3942
3961
3957
3948
3947
3937
3934
3938
3932
3944
3932
3934
3951
3936
3934
3935
3930
3945
3932
3947
3950
3929
3935
3953
3934
3941
3931
3931
3931
3938
3930
3930
3960
3931
3937
3926
3937
3934
3930
3929
3938
3952
3938
3930
3962
3940
3949
3943
3932
3942
3955
3938
3931
3937
3932
3957
3938
3932
3933
3930
3925
3961
3937
3940
3933
3937
3930
3929
3934
3955
3941
3935
3938
3930
3928
3939
3940
3926
3925
3958
3938
3930
3937
3934
3940
3965
3948
3931
3933
3931
3963
3937
3942
3935
3948
3941
3935
3930
3935
3937
3960
3935
3930
3933
3930
3949
3937
3935
3932
3951
3933
3953
3958
3943
3929
3943
3936
3958
3941
3940
3963
3936
3963
3933
3939
3939
3933
3953
3958
3931
3936
3931
3952
3931
3934
3948
3932
3937
3940
3940
3936
3974
3934
3924
3921
3934
3943
3953
3934
3931
3937
3936
3940
3943
3932
3935
3937
3936
3936
3934
3938
3936
3940
3965
3935
3941
3937
3935
3939
3933
3946
3947
3940
3934
3937
3939
3933
3925
3943
3935
3933
3930
3941
3945
3933
3943
3934
3931
3931
3943
3945
3935
3936
3935
3938
3936
3936
3943
3932
3940
3962
3936
3946
3941
3939
3939
3931
3941
3934
3935
3966
3944
3942
3936
3940
3946
3938
3946
3932
3936
3938
3935
3945
3942
3936
3934
3936
3945
3962
3944
3940
3934
3951
3938
3936
3939
3938
3934
3943
3933
3933
3935
3939
3929
3965
3928
3939
3943
3933
3943
3937
3935
3949
3935
3935
3954
3958
3955
3953
3942
3962
3930
3936
3934
3955
3947
3945
3933
3945
3931
3932
3944
3934
3947
3946
3935
3941
3939
3930
3939
3930
3953
3940
3936
3942
3945
3936
3941
3939
3954
3948
3946
3948
3943
3930
3933
3935
3932
3938
3934
3942
3931
3935
3934
3941
3935
3937
3942
3968
3946
3938
3952
3938
3947
3942
3944
3946
3934
3943
3962
3941
3935
3945
3934
3930
3936
3933
3940
3938
3947
3935
3937
3941
3932
3937
3935
3946
3929
3940
3937
3935
3936
3954
3937
3969
3933
3944
3935
3969
3933
3936
3933
3931
3956
3929
3946
3949
3961
3936
3936
3934
3933
3937
3934
3937
3933
3940
3937
3937
3942
3935
3932
3945
3961
3933
3936
3940
3936
3938
3931
3946
3938
3948
3941
3944
3965
3939
3948
3943
3931
3936
3933
3935
3954
3940
3938
3964
3953
3936
3966
3935
3936
3930
3931
3964
3959
3949
3935
3942
3935
3934
3940
3934
3936
3940
3953
3935
3938
3934
3956
3939
3933
3936
3949
3948
3941
3964
3941
3941
3941
3947
3947
3942
3935
3938
3956
3936
3948
3948
3939
3943
3931
3948
3958
3932
3939
3931
3933
3936
3936
3934
3941
3942
3939
3963
3940
3953
3962
3948
3933
3932
3950
3962
3938
3936
3934
3936
3940
3949
3937
3940
3942
3929
3935
3939
3934
3935
3937
3941
3960
3938
3931
3936
3941
3960
3949
3935
3934
3940
3933
3938
3935
3934
3946
3943
3951
3933
3937
3939
3948
3965
3933
3946
3935
3936
3944
3932
3942
3936
3933
3937
3936
3936
3940
3936
3941
3939
3950
3936
3957
3946
3935
3942
3940
3942
3948
3940
3935
3946
3946
3943
3960
3964
3934
3938
3939
3933
3941
3956
3933
3930
3934
3938
3939
3944
3937
3941
3941
3934
3943
3937
3950
3940
3934
3937
3937
3938
3936
3939
3945
3948
3930
3934
3958
3960
3936
3942
3937
3953
3937
3936
3938
3945
3939
3965
3938
3939
3967
3938
3931
3937
3932
3976
3967
3937
3959
3935
3937
3942
3949
3941
3966
3937
3956
3937
3944
3942
3937
3942
3950
3939
3937
3951
3937
3946
3940
3950
3945
3937
3963
3933
3949
3946
3943
3936
3946
3959
3939
3938
3965
3961
3950
3936
3946
3954
3943
3945
3934
3976
3942
3935
3957
3937
3945
3938
3942
3960
3935
3937
3948
3941
3939
3933
3936
3941
3931
3934
3943
3932
3941
3942
3962
3956
3940
3939
3963
3936
3936
3941
3935
3946
3939
3943
3943
3945
3935
3941
3966
3935
3939
3951
3938
3929
3942
3934
3940
3974
3932
3934
3939
3937
3936
3939
3937
3945
3949
3947
3948
3941
3947
3936
3929
3939
3931
3968
3936
3953
3946
3937
3935
3952
3930
3965
3937
3935
3944
3945
3942
3941
3947
3938
3951
3956
3955
3945
3940
3940
3952
3945
3933
3936
3936
3952
3941
3936
3933
3940
3936
3950
3933
3935
3936
3938
3958
3940
3941
3949
3939
3939
3942
3939
3951
3972
3958
3934
3931
3935
3932
3947
3935
3930
3933
3937
3939
3939
3933
3935
3937
3955
3940
3961
3937
3955
3931
3934
3936
3942
3942
3940
3939
3937
3939
3943
3937
3936
3936
3953
3936
3944
3934
3942
3940
3930
3939
3947
3935
3960
3946
3957
3941
3934
3939
3939
3943
3973
3934
3940
3936
3941
3938
3939
3962
3936
3933
3938
3944
3943
3960
3933
3936
3939
3939
3933
3959
3942
3934
3944
3938
3936
3935
3938
3960
3934
3935
3959
3958
3941
3939
3937
3943
3937
3938
3936
3939
3933
3939
3935
3933
3948
3936
3948
3955
3937
3940
3937
3936
3952
3936
3931
3936
3941
3946
3953
3938
3936
3954
3946
3942
3938
3939
3934
3955
3935
3943
3939
3929
3940
3943
3948
3967
3936
3940
3934
3938
3940
3937
3940
3939
3958
3946
3958
3944
3938
3941
3935
3943
3940
3942
3932
3940
3945
3960
3952
3968
3939
3941
3943
3933
3941
3962
3958
3945
3952
3946
3939
3957
3949
3949
3939
3948
3951
3934
3936
3942
3956
3944
3945
3949
3934
3936
3942
3950
3936
3938
3936
3943
3961
3967
3935
3939
3951
3941
3972
3937
3938
3948
3936
3939
3949
3934
3934
3938
3952
3938
3933
3918
3940
3951
3945
3939
3942
3937
3937
3940
3929
3933
3948
3950
3942
3935
3932
3938
3945
3949
3934
3937
3942
3951
3934
3943
3941
3957
3939
3962
3938
3941
3939
3936
3941
3959
3939
3939
3935
3941
3952
3940
3940
3931
3936
3936
3938
3941
3929
3940
3957
3933
3931
3949
3948
3940
3942
3949
3934
3962
3956
3966
3984
3943
3951
3938
3940
3960
3964
3938
3943
3945
3940
3978
3954
3936
3946
3938
3946
3939
3937
3941
3972
3942
3936
3952
3951
3935
3934
3934
3939
3939
3945
3939
3946
3941
3940
3951
3945
3958
3943
3934
3934
3942
3959
3941
3934
3942
3935
3939
3972
3941
3929
3942
3950
3932
3941
3943
3944
3949
3951
3936
3935
3943
3946
3948
3937
3938
3937
3944
3947
3949
3946
3944
3935
3940
3941
3945
3941
3960
3948
3943
3942
3936
3941
3971
3942
3942
3939
3965
3935
3948
3942
3945
3972
3945
3937
3969
3938
3966
3952
3958
3958
3962
3950
3942
3941
3938
3940
3940
3942
3941
3941
3932
3934
3944
3936
3944
3937
3935
3944
3947
3934
3934
3938
3967
3956
3950
3942
3945
3965
3953
3967
3939
3959
3936
3940
3957
3939
3945
3940
3958
3947
3946
3940
3950
3936
3938
3940
3931
3953
3942
3942
3943
3935
3933
3942
3952
3940
3958
3959
3935
3953
3941
3935
3941
3934
3939
3944
3942
3949
3943
3943
3946
3940
3940
3933
3933
3938
3938
3940
3944
3943
3949
3939
3949
3938
3938
3965
3936
3947
3938
3933
3937
3966
3940
3949
3957
3941
3955
3953
3950
3938
3940
3957
3940
3944
3937
3941
3940
3933
3966
3949
3935
3944
3961
3938
3947
3934
3939
3936
3939
3935
3946
3934
3938
3959
3944
3938
3936
3945
3943
3949
3952
3936
3937
3937
3943
3940
3940
3955
3952
3939
3948
3944
3954
3937
3966
3953
3941
3955
3955
3938
3952
3951
3944
3941
3936
3946
3945
3945
3966
3960
3943
3940
3932
3942
3946
3942
3938
3941
3957
3937
3942
3940
3939
3948
3935
3950
3940
3954
3948
3940
3946
3940
3961
3946
3961
3938
3944
3963
3937
3938
3952
3944
3945
3935
3960
3949
3944
3947
3941
3956
3940
3941
3944
3937
3940
3945
3943
3939
3940
3941
3947
3946
3940
3938
3954
3972
3939
3949
3942
3956
3943
3937
3940
3941
3941
3940
3954
3943
3941
3937
3954
3939
3944
3942
3945
3948
3942
3946
3953
3941
3936
3941
3946
3939
3937
3949
3944
3940
3950
3938
3940
3950
3944
3939
3942
3937
3941
3941
3939
3944
3940
3937
3954
3940
3943
3937
3935
3945
3959
3943
3937
3939
3941
3944
3944
3955
3966
3937
3949
3938
3943
3941
3939
3940
3958
3940
3939
3946
3941
3965
3939
3936
3950
3937
3958
3951
3958
3943
3942
3945
3935
3947
3977
3941
3948
3953
3943
3948
3938
3941
3960
3962
3940
3944
3945
3951
3943
3939
3941
3939
3944
3939
3958
3939
3951
3935
3946
3945
3936
3937
3942
3943
3941
3945
3935
3939
3943
3942
3931
3939
3942
3965
3948
3939
3939
3946
3945
3936
3941
3942
3941
3938
3936
3941
3967
3938
3933
3941
3939
3938
3947
3936
3970
3968
3942
3937
3970
3944
3942
3948
3947
3939
3942
3949
3939
3950
3951
3949
3939
3933
3944
3935
3940
3941
3940
3939
3941
3946
3940
3938
3939
3959
3937
3938
3948
3948
3941
3949
3940
3943
3934
3940
3944
3947
3941
3962
3938
3943
3968
3942
3974
3947
3933
3963
3961
3943
3938
3941
3936
3948
3938
3938
3940
3951
3949
3963
3949
3954
3943
3940
3946
3944
3945
3952
3939
3949
3942
3936
3968
3945
3976
3957
3946
3944
3964
3953
3945
3947
3949
3940
3939
3941
3984
3946
3973
3943
3962
3944
3940
3956
3941
3944
3959
3935
3947
3948
3978
3954
3939
3948
3941
3944
3941
3938
3954
3960
3939
3944
3941
3957
3948
3938
3966
3936
3955
3959
3942
3945
3947
3943
3966
3960
3959
3927
3943
3931
3972
3960
3942
3945
3938
3945
3941
3958
3941
3940
3942
3948
3941
3945
3967
3945
3947
3943
3942
3937
3949
3943
3941
3944
3964
3938
3942
3947
3944
3948
3943
3945
3941
3946
3942
3945
3940
3941
3942
3944
3944
3956
3942
3966
3968
3952
3941
3941
3949
3943
3943
3949
3941
3958
3945
3944
3942
3940
3936
3936
3940
3941
3945
3946
3966
3943
3964
3956
3938
3940
3955
3966
3979
3970
3938
3950
3951
3943
3942
3935
3935
3937
3938
3944
3943
3940
3956
3939
3941
3963
3946
3949
3944
3944
3945
3939
3944
3942
3975
3942
3955
3937
3941
3935
3936
3936
3956
3944
3941
3940
3955
3942
3936
3935
3947
3938
3970
3961
3941
3956
3944
3964
3959
3944
3942
3937
3951
3953
3939
3955
3946
3955
3942
3943
3940
3943
3943
3941
3954
3951
3960
3948
3941
3976
3951
3939
3947
3942
3944
3958
3940
3962
3955
3943
3943
3941
3951
3969
3943
3976
3941
3934
3945
3943
3948
3942
3945
3941
3950
3954
3945
3935
3942
3943
3943
3942
3964
3969
3952
3946
3937
3946
3947
3949
3944
3943
3942
3941
3963
3942
3945
3942
3953
3954
3948
3942
3940
3942
3941
3946
3938
3949
3941
3944
3941
3955
3940
3941
3945
3941
3972
3971
3941
3948
3944
3967
3973
3945
3943
3945
3961
3940
3945
3945
3949
3943
3952
3940
3942
3950
3944
3942
3953
3950
3955
3943
3972
3939
3965
3941
3943
3943
3939
3939
3955
3944
3946
3946
3941
3941
3944
3938
3951
3939
3940
3945
3967
3944
3944
3942
3942
3940
3949
3955
3948
3949
3952
3968
3940
3945
3966
3941
3957
3939
3933
3947
3946
3943
3958
3940
3942
3944
3937
3940
3949
3956
3941
3942
3943
3951
3954
3947
3948
3942
3941
3944
3970
3945
3942
3939
3954
3938
3945
3942
3944
3953
3940
3971
3946
3944
3940
3947
3939
3942
3937
3954
3941
3941
3946
3963
3937
3944
3939
3945
3934
3945
3945
3962
3944
3940
3938
3950
3947
3946
3940
3945
3941
3972
3958
3945
3949
3942
3941
3943
3944
3943
3946
3938
3941
3943
3951
3951
3969
3940
3965
3942
3947
3940
3945
3946
3943
3945
3943
3951
3955
3969
3967
3948
3950
3947
3951
3941
3953
3945
3942
3950
3941
3948
3960
3942
3944
3951
3954
3939
3954
3944
3938
3947
3940
3950
3965
3947
3953
3944
3943
3939
3950
3950
3938
3956
3946
3950
3950
3951
3945
3946
3942
3956
3956
3946
3954
3957
3947
3945
3947
3939
3941
3941
3966
3938
3949
3945
3946
3939
3951
3940
3937
3937
3940
3947
3944
3974
3938
3945
3946
3946
3957
3965
3944
3974
3941
3947
3941
3933
3953
3942
3951
3964
3945
3961
3944
3942
3967
3938
3947
3941
3939
3946
3945
3951
3969
3944
3928
3943
3974
3941
3958
3943
3938
3949
3950
3941
3944
3941
3939
3947
3940
3947
3942
3946
3960
3953
3945
3946
3944
3937
3980
3937
3947
3949
3942
3949
3953
3942
3945
3971
3948
3982
3944
3949
3947
3981
3945
3944
3940
3953
3955
3965
3945
3944
3943
3955
3943
3942
3940
3942
3942
3954
3942
3958
3947
3953
3967
3968
3930
3945
3942
3958
3942
3942
3955
3951
3942
3964
3954
3944
3942
3970
3943
3960
3967
3964
3937
3950
3941
3947
3944
3948
3946
3953
3948
3942
3944
3943
3941
3939
3945
3972
3946
3946
3952
3945
3949
3946
3946
3942
3948
3950
3948
3946
3966
3944
3941
3973
3971
3953
3944
3956
3953
3942
3946
3946
3941
3940
3957
3953
3949
3944
3949
3942
3945
3943
3945
3963
3968
3941
3954
3935
3945
3962
3942
3937
3957
3944
3946
3947
3943
3953
3969
3945
3945
3962
3965
3939
3944
3972
3940
3948
3942
3941
3947
3956
3946
3950
3946
3960
3941
3944
3947
3943
3946
3953
3942
3939
3941
3955
3948
3949
3946
3948
3941
3951
3952
3974
3949
3945
3957
3943
3963
3943
3947
3945
3950
3940
3938
3939
3942
3958
3947
3953
3944
3943
3961
3955
3946
3945
3954
3943
3944
3944
3941
3947
3956
3945
3938
3943
3974
3950
3947
3964
3948
3944
3958
3965
3945
3947
3960
3945
3964
3947
3942
3948
3939
3941
3951
3959
3948
3958
3955
3939
3963
3945
3943
3943
3945
3947
3946
3964
3947
3947
3946
3953
3937
3942
3947
3970
3944
3949
3946
3944
3947
3961
3942
3950
3954
3963
3950
3943
3946
3939
3946
3962
3957
3948
3954
3958
3951
3939
3943
3947
3947
3952
3947
3948
3942
3945
3940
3949
3943
3946
3942
3958
3946
3946
3947
3954
3946
3950
3951
3954
3952
3945
3950
3940
3948
3941
3960
3945
3943
3946
3945
3942
3945
3944
3944
3950
3946
3949
3955
3939
3938
3947
3946
3962
3943
3954
3945
3954
3959
3954
3941
3943
3958
3971
3952
3945
3946
3948
3946
3954
3949
3943
3945
3966
3966
3942
3947
3943
3950
3954
3947
3943
3971
3940
3941
3940
3951
3945
3949
3942
3956
3946
3971
3952
3959
3946
3963
3952
3945
3955
3953
3957
3940
3962
3945
3949
3966
3944
3947
3948
3943
3950
3970
3990
3958
3959
3943
3941
3949
3943
3958
3944
3953
3941
3960
3947
3941
3951
3941
3954
3947
3966
3941
3964
3947
3943
3952
3942
3956
3946
3945
3963
3946
3939
3941
3937
3939
3938
3971
3943
3948
3939
3947
3962
3941
3965
3952
3944
3944
3944
3961
3945
3942
3938
3945
3944
3951
3948
3950
3942
3947
3956
3971
3953
3943
3964
3944
3965
3955
3947
3947
3964
3946
3944
3949
3943
3944
3941
3960
3942
3951
3965
3949
3950
3942
3963
3957
3961
3940
3942
3944
3952
3949
3946
3945
3945
3943
3937
3953
3945
3974
3951
3948
3949
3956
3947
3957
3953
3952
3944
3940
3942
3940
3946
3953
3964
3947
3950
3969
3949
3947
3948
3953
3952
3945
3949
3958
3951
3951
3954
3941
3944
3968
3947
3945
3944
3968
3951
3961
3947
3961
3949
3945
3948
3949
3946
3942
3948
3943
3944
3942
3944
3950
3950
3946
3940
3945
3949
3948
3958
3947
3953
3938
3951
3948
3946
3953
3941
3966
3951
3947
3944
3956
3948
3945
3950
3946
3948
3946
3947
3948
3970
3946
3941
3952
3945
3941
3962
3941
3947
3942
3940
3939
3952
3965
3942
3951
3946
3947
3945
3942
3949
3941
3946
3943
3948
3945
3982
3951
3967
3957
3942
3944
3950
3970
3964
3948
3945
3950
3942
3974
3943
3946
3941
3957
3947
3944
3946
3950
3943
3955
3955
3951
3941
3963
3943
3942
3943
3944
3961
3944
3963
3947
3955
3946
3945
3963
3958
3974
3958
3947
3943
3959
3947
3960
3946
3962
3955
3952
3945
3946
3938
3948
3957
3943
3954
3967
3984
3946
3944
3962
3945
3949
3945
3944
3952
3958
3943
3945
3949
3965
3948
3953
3961
3966
3950
3950
3944
3946
3952
3946
3945
3943
3949
3966
3945
3952
3942
3949
3960
3951
3945
3970
3948
3959
3949
3962
3954
3931
3946
3954
3968
3946
3947
3948
3948
3961
3946
3955
3956
3946
3944
3968
3944
3969
3949
3955
3960
3950
3945
3969
3961
3962
3944
3944
3949
3946
3960
3959
3951
3972
3943
3962
3958
3959
3945
3976
3951
3947
3973
3949
3964
3969
3950
3980
3949
3946
3967
3949
3941
3971
3955
3956
3949
3947
3952
3952
3961
3954
3956
3947
3959
3944
3949
3950
3945
3947
3958
3951
3944
3949
3971
3950
3952
3943
3950
3941
3948
3948
3949
3946
3951
3949
3945
3947
3965
3972
3944
3950
3949
3945
3953
3947
3944
3950
3966
3976
3943
3955
3949
3945
3966
3959
3952
3949
3939
3948
3952
3954
3954
3941
3966
3944
3947
3958
3947
3947
3949
3951
3947
3954
3946
3947
3951
3947
3945
3953
3949
3947
3957
3952
3960
3950
3950
3945
3949
3947
3950
3970
3955
3948
3956
3947
3950
3956
3944
3963
3943
3966
3959
3954
3944
3947
3949
3955
3950
3948
3963
3953
3948
3943
3946
3950
3954
3958
3956
3971
3952
3947
3929
3954
3948
3944
3956
3951
3947
3945
3946
3945
3959
3945
3959
3945
3945
3946
3954
3950
3972
3946
3954
3960
3974
3947
3957
3944
3953
3941
3948
3949
3950
3945
3943
3948
3951
3952
3957
3943
3950
3952
3934
3964
3946
3954
3954
3944
3952
3939
3944
3946
3950
3950
3959
3947
3950
3951
3944
3967
3946
3947
3948
3940
3947
3949
3953
3945
3954
3951
3942
3939
3943
3943
3953
3975
3954
3951
3955
3964
3940
3949
3950
3946
3946
3946
3947
3954
3951
3954
3949
3949
3953
3948
3972
3957
3950
3941
3953
3962
3949
3966
3944
3945
3957
3945
3949
3949
3968
3971
3946
3953
3950
3950
3957
3948
3959
3947
3947
3950
3946
3942
3945
3947
3962
3957
3954
3956
3949
3961
3941
3949
3948
3978
3950
3946
3946
3953
3946
3950
3946
3947
3941
3950
3947
3958
3954
3954
3946
3952
3951
3945
3940
3954
3944
3949
3952
3948
3950
3949
3942
3976
3952
3944
3950
3946
3945
3950
3966
3951
3942
3946
3949
3947
3952
3955
3943
3956
3943
3951
3962
3945
3945
3947
3943
3940
3961
3946
3954
3948
3947
3945
3968
3949
3946
3955
3947
3953
3933
3968
3943
3951
3948
3947
3944
3946
3952
3945
3946
3949
3944
3966
3944
3942
3954
3950
3944
3948
3949
3945
3943
3967
3948
3962
3950
3946
3944
3954
3953
3954
3970
3947
3947
3951
3956
3952
3972
3959
3948
3961
3952
3960
3944
3944
3951
3961
3947
3948
3951
3944
3948
3948
3950
3946
3948
3946
3946
3950
3949
3952
3951
3938
3948
3953
3951
3950
3945
3970
3958
3972
3963
3948
3945
3948
3973
3949
3950
3952
3949
3946
3950
3953
3945
3947
3949
3951
3947
3954
3947
3948
3945
3955
3952
3976
3952
3946
3951
3946
3948
3979
3953
3946
3947
3969
3951
3945
3954
3946
3953
3974
3952
3965
3943
3957
3951
3947
3947
3949
3956
3971
3944
3946
3954
3947
3946
3957
3959
3960
3946
3955
3946
3949
3946
3950
3949
3957
3951
3942
3942
3958
3946
3947
3952
3954
3957
3963
3947
3948
3948
3982
3955
3946
3971
3949
3957
3960
3945
3948
3976
3948
3943
3965
3947
3942
3952
3947
3946
3951
3950
3947
3961
3950
3956
3947
3964
3960
3956
3947
3961
3959
3950
3944
3975
3954
3945
3952
3953
3951
3943
3949
3946
3947
3951
3945
3972
3944
3950
3950
3949
3947
3955
3963
3949
3963
3945
3945
3945
3942
3950
3945
3949
3948
3971
3942
3964
3950
3947
3961
3949
3954
3962
3939
3948
3947
3947
3948
3944
3973
3944
3960
3962
3942
3950
3962
3966
3970
3944
3949
3954
3948
3947
3946
3964
3945
3946
3942
3950
3952
3951
3971
3959
3944
3949
3947
3947
3935
3945
3939
3950
3944
3947
3948
3951
3952
3962
3946
3947
3945
3959
3949
3952
3950
3950
3967
3972
3952
3939
3952
3943
3954
3957
3959
3949
3942
3949
3930
3952
3965
3955
3954
3952
3947
3946
3945
3949
3949
3950
3954
3961
3946
3958
3951
3956
3956
3947
3963
3965
3958
3955
3955
3945
3955
3952
3956
3948
3945
3954
3956
3950
3955
3949
3953
3948
3949
3946
3949
3968
3946
3952
3945
3943
3956
3945
3954
3958
3953
3947
3932
3954
3944
3958
3948
3943
3948
3945
3930
3943
3963
3973
3946
3948
3951
3951
3967
3947
3948
3957
3947
3964
3962
3946
3979
3947
3945
3946
3946
3961
3973
3949
3950
3950
3944
3955
3962
3948
3949
3947
3969
3956
3954
3960
3949
3962
3944
3952
3951
3957
3956
3947
3948
3960
3963
3966
3946
3953
3967
3948
3956
3947
3946
3953
3945
3946
3971
3953
3975
3944
3962
3958
3943
3948
3954
3950
3969
3957
3954
3952
3952
3950
3962
3974
3951
3946
3949
3954
3953
3945
3948
3960
3945
3943
3986
3973
3957
3952
3958
3953
3945
3950
3959
3952
3948
3990
3955
3946
3946
3952
3944
3944
3964
3970
3947
3956
3948
3951
3947
3953
3952
3944
3938
3956
3956
3955
3973
3957
3946
3947
3947
3945
3967
3948
3964
3954
3977
3971
3954
3943
3958
3955
3961
3968
3953
3948
3954
3970
3952
3944
3957
3947
3948
3950
3944
3948
3942
3950
3947
3942
3953
3954
3953
3940
3953
3965
3962
3971
3949
3954
3947
3956
3968
3953
3949
3951
3962
3951
3947
3960
3947
3944
3947
3973
3952
3975
3942
3951
3963
3953
3947
3967
3955
3950
3949
3961
3945
3949
3950
3957
3949
3954
3949
3972
3946
3952
3950
3948
3957
3951
3945
3945
3947
3945
3965
3948
3952
3945
3947
3953
3954
3996
3945
3951
3972
3950
3957
3945
3965
3949
3952
3945
3950
3960
3964
3953
3955
3952
3950
3945
3946
3956
3953
3969
3947
3945
3966
3951
3949
3951
3955
3950
3949
3976
3954
3960
3945
3948
3957
3950
3944
3950
3956
3949
3953
3949
3949
3952
3958
3950
3952
3950
3950
3953
3948
3958
3954
3947
3948
3976
3951
3957
3944
3950
3951
3956
3962
3947
3959
3946
3951
3971
3947
3945
3946
3950
3974
3972
3945
3952
3957
3959
3970
3976
3952
3949
3951
3943
3945
3951
3953
3947
3953
3942
3950
3965
3950
3972
3948
3947
3948
3958
3953
3936
3953
3952
3958
3955
3980
3958
3960
3949
3950
3946
3950
3958
3956
3944
3966
3952
3952
3949
3945
3961
3948
3951
3965
3950
3974
3950
3950
3970
3951
3943
3955
3956
3949
3976
3990
3951
3962
3951
3951
3947
3953
3975
3942
3946
3949
3961
3965
3964
3951
3946
3960
3972
3953
3961
3950
3946
3954
3947
3950
3948
3947
3963
3970
3949
3944
3950
3950
3954
3946
3944
3948
3950