21
13
8
16
0
5
47
15
9
0
12
21
14
8
11
0
13
18
5
5
7
5
6
5
14
8
33
2
37
9
0
35
6
8
33
24
16
5
9
5
6
5
11
13
0
6
0
47
12
4
8
2
40
8
5
0
0
0
15
0
7
10
0
8
6
7
9
12
10
3
1
12
7
5
29
8
9
7
6
9
6
0
12
5
3
3
4
9
8
13
5
11
7
8
26
28
8
8
11
0
4
8
24
9
7
0
8
6
0
4
28
23
4
0
6
16
6
10
7
10
6
28
9
1
14
15
6
0
7
9
0
3
0
33
4
10
7
0
5
0
0
5
7
9
15
7
8
29
7
2
0
16
5
4
10
7
37
5
31
11
0
6
0
11
11
8
4
15
6
0
7
1
17
13
6
3
8
5
6
10
48
7
35
8
9
6
30
3
33
3
10
0
15
9
12
8
0
6
17
6
0
3
6
6
0
4
9
0
28
9
9
6
7
3
5
32
16
9
4
0
0
16
0
1
14
4
0
8
15
7
5
19
8
5
30
0
3
7
5
7
0
3
6
34
0
9
9
10
9
9
9
9
9
0
5
9
15
8
38
9
4
9
10
10
9
8
18
7
7
8
4
29
7
3
9
7
9
9
7
7
9
5
53
10
3
9
6
10
0
10
0
12
16
16
9
10
8
11
8
5
8
0
4
8
8
1
11
4
7
11
0
10
32
15
9
0
10
17
4
0
12
13
15
6
9
10
12
10
14
0
7
34
0
1
6
4
10
0
14
29
16
8
55
8
7
0
29
7
8
7
12
46
15
0
7
0
30
11
8
8
10
10
0
9
4
4
6
4
7
7
4
32
21
8
15
8
8
10
8
8
4
6
9
6
7
1
5
0
0
4
7
25
5
11
8
7
9
8
5
7
6
0
7
14
9
7
25
5
0
7
5
0
2
0
7
0
6
3
7
30
0
14
11
9
6
0
7
16
0
6
7
8
14
16
3
0
4
10
7
6
0
7
12
10
7
0
6
16
17
0
0
43
10
7
5
11
8
26
12
8
10
4
10
7
7
19
8
57
12
0
0
53
1
0
7
11
0
6
34
8
8
6
6
6
11
8
12
8
18
5
8
0
8
0
9
0
0
6
15
0
3
6
19
2
0
9
11
6
9
6
12
6
9
9
8
0
24
7
0
0
0
0
21
135
206
295
409
495
610
684
762
854
957
1039
1128
1229
1321
1412
1508
1601
1698
1785
1866
1944
2016
2086
2163
2218
2276
2357
2384
2437
2483
2531
2576
2610
2654
2695
2726
2775
2784
2838
2848
2875
2921
2926
2947
2968
2985
3004
3028
3048
3062
3105
3094
3104
3116
3160
3154
3162
3171
3204
3210
3208
3220
3228
3231
3267
3254
3277
3262
3287
3278
3288
3289
3302
3314
3311
3325
3322
3318
3354
3333
3332
3352
3355
3345
3353
3360
3364
3366
3367
3371
3388
3388
3383
3403
3394
3388
3434
3391
3391
3400
3405
3403
3408
3408
3408
3415
3410
3411
3418
3428
3424
3424
3425
3428
3433
3432
3436
3441
3463
3438
3440
3441
3442
3440
3449
3450
3446
3446
3446
3454
3462
3455
3455
3481
3473
3459
3461
3465
3483
3471
3461
3472
3466
3502
3490
3480
3475
3495
3493
3482
3482
3477
3476
3477
3490
3488
3503
3484
3495
3502
3485
3487
3487
3497
3516
3497
3491
3502
3497
3495
3497
3520
3499
3527
3499
3496
3500
3502
3512
3513
3503
3505
3508
3505
3503
3507
3512
3513
3518
3508
3507
3514
3529
3518
3513
3523
3513
3517
3519
3518
3522
3521
3533
3528
3535
3550
3521
3540
3529
3524
3511
3522
3529
3524
3529
3545
3527
3528
3537
3533
3541
3547
3529
3530
3533
3559
3544
3543
3533
3532
3545
3550
3542
3532
3553
3543
3541
3546
3556
3543
3549
3571
3572
3553
3559
3542
3543
3547
3575
3549
3552
3553
3548
3566
3546
3547
3554
3553
3555
3574
3559
3554
3557
3557
3555
3555
3558
3556
3556
3559
3584
3565
3558
3555
3587
3565
3563
3579
3570
3564
3559
3587
3566
3563
3564
3570
3574
3568
3572
3566
3570
3568
3582
3574
3572
3584
3575
3574
3591
3585
3591
3599
3576
3573
3576
3574
3573
3574
3581
3573
3580
3593
3576
3590
3578
3580
3584
3583
3584
3592
3587
3584
3564
3618
3583
3584
3583
3587
3594
3606
3587
3585
3587
3619
3587
3590
3586
3609
3597
3598
3593
3590
3593
3594
3597
3626
3609
3600
3590
3604
3595
3596
3593
3600
3595
3598
3615
3600
3601
3599
3600
3596
3624
3596
3600
3606
3602
3602
3598
3612
3636
3632
3614
3609
3600
3613
3602
3613
3613
3604
3594
3611
3602
3606
3611
3613
3610
3614
3612
3615
3615
3612
3611
3606
3622
3608
3613
3608
3612
3637
3618
3621
3618
3613
3618
3612
3621
3618
3619
3617
3618
3618
3630
3612
3623
3618
3622
3636
3624
3623
3622
3626
3615
3617
3629
3635
3641
3626
3630
3623
3627
3626
3626
3634
3620
3622
3611
3620
3628
3633
3640
3647
3636
3633
3632
3644
3625
3641
3629
3634
3637
3629
3635
3629
3645
3635
3635
3629
3652
3635
3629
3631
3645
3628
3635
3637
3636
3643
3639
3639
3637
3619
3648
3635
3637
3635
3637
3639
3642
3650
3640
3641
3641
3654
3644
3649
3643
3635
3659
3647
3643
3642
3636
3638
3645
3674
3649
3672
3651
3646
3642
3642
3656
3644
3647
3650
3649
3643
3668
3665
3648
3649
3650
3653
3668
3649
3649
3649
3646
3669
3652
3648
3681
3651
3649
3678
3652
3648
3666
3680
3648
3660
3654
3656
3653
3666
3661
3680
3652
3676
3654
3663
3656
3650
3659
3658
3655
3655
3658
3658
3657
3654
3658
3680
3659
3656
3641
3658
3661
3662
3660
3682
3684
3680
3659
3655
3661
3685
3663
3657
3660
3661
3664
3666
3665
3673
3684
3662
3666
3662
3667
3664
3668
3675
3680
3666
3667
3665
3667
3665
3650
3673
3666
3677
3672
3666
3668
3667
3676
3677
3672
3701
3695
3691
3666
3694
3680
3671
3675
3687
3670
3676
3702
3698
3673
3673
3672
3680
3668
3696
3682
3696
3680
3680
3702
3670
3678
3675
3683
3672
3677
3705
3676
3673
3671
3690
3678
3674
3678
3677
3680
3707
3673
3676
3699
3677
3687
3673
3676
3686
3675
3695
3678
3682
3692
3692
3680
3683
3681
3685
3687
3688
3683
3679
3691
3689
3682
3689
3685
3691
3688
3686
3692
3682
3680
3687
3691
3690
3693
3685
3687
3684
3700
3683
3688
3693
3689
3704
3701
3688
3689
3702
3685
3691
3691
3690
3692
3684
3688
3689
3689
3681
3689
3699
3691
3702
3719
3697
3687
3695
3692
3692
3703
3694
3700
3687
3703
3694
3707
3695
3698
3690
3719
3698
3704
3699
3726
3700
3695
3710
3691
3711
3691
3719
3717
3726
3725
3690
3703
3699
3696
3701
3694
3692
3708
3694
3698
3697
3696
3702
3696
3693
3696
3730
3695
3703
3699
3699
3696
3699
3699
3701
3699
3693
3698
3734
3717
3709
3710
3701
3738
3702
3722
3705
3699
3705
3724
3703
3710
3703
3709
3700
3715
3704
3707
3699
3703
3704
3706
3707
3708
3710
3706
3707
3710
3699
3707
3701
3708
3724
3724
3705
3707
3706
3713
3705
3713
3708
3709
3711
3706
3704
3738
3720
3707
3713
3709
3702
3706
3721
3714
3713
3711
3708
3718
3743
3740
3744
3716
3713
3708
3718
3718
3726
3715
3724
3709
3713
3714
3711
3715
3716
3730
3712
3725
3716
3719
3728
3739
3722
3717
3716
3715
3719
3715
3712
3757
3712
3713
3717
3713
3714
3718
3718
3719
3718
3724
3720
3742
3722
3714
3725
3752
3703
3720
3718
3739
3714
3715
3713
3738
3720
3726
3734
3730
3720
3729
3723
3723
3732
3720
3714
3730
3719
3720
3731
3723
3723
3723
3717
3722
3724
3720
3745
3730
3724
3742
3721
3722
3729
3725
3753
3728
3730
3734
3735
3729
3725
3726
3722
3724
3733
3726
3726
3730
3730
3724
3733
3741
3724
3732
3725
3736
3725
3721
3721
3742
3731
3739
3740
3745
3726
3728
3731
3729
3727
3729
3732
3727
3724
3746
3723
3741
3725
3727
3729
3730
3728
3729
3731
3740
3730
3726
3752
3731
3744
3737
3733
3742
3736
3737
3733
3730
3732
3725
3734
3740
3732
3747
3759
3735
3729
3750
3734
3744
3730
3736
3734
3741
3736
3737
3736
3733
3759
3756
3743
3738
3749
3731
3733
3741
3745
3731
3736
3733
3753
3733
3745
3735
3743
3734
3733
3740
3738
3763
3738
3757
3741
3750
3736
3736
3744
3750
3736
3749
3737
3750
3736
3741
3759
3735
3746
3742
3736
3736
3752
3740
3776
3753
3741
3749
3742
3740
3743
3737
3736
3745
3742
3737
3739
3743
3737
3752
3739
3744
3739
3749
3756
3752
3741
3738
3755
3739
3739
3747
3748
3750
3762
3749
3744
3742
3739
3743
3753
3744
3750
3746
3747
3746
3754
3748
3750
3772
3757
3753
3770
3749
3750
3752
3747
3754
3746
3746
3747
3750
3745
3749
3753
3749
3775
3750
3759
3767
3761
3747
3754
3750
3755
3760
3750
3760
3753
3751
3777
3778
3753
3757
3768
3754
3747
3789
3753
3763
3753
3758
3750
3752
3753
3756
3748
3750
3749
3749
3758
3752
3753
3755
3755
3749
3757
3750
3748
3758
3750
3750
3747
3759
3757
3754
3758
3751
3751
3760
3758
3753
3756
3756
3753
3754
3764
3757
3754
3765
3751
3755
3769
3753
3757
3752
3754
3760
3752
3780
3756
3790
3756
3764
3762
3761
3757
3759
3763
3757
3762
3764
3767
3775
3758
3759
3758
3756
3742
3755
3759
3767
3743
3777
3774
3756
3769
3761
3756
3758
3759
3762
3762
3763
3763
3770
3761
3760
3763
3784
3775
3778
3762
3775
3760
3764
3759
3763
3765
3759
3762
3764
3764
3770
3762
3773
3767
3767
3767
3763
3784
3766
3761
3770
3762
3757
3760
3764
3784
3779
3771
3760
3762
3786
3763
3776
3766
3769
3760
3759
3786
3794
3763
3763
3766
3762
3767
3770
3765
3768
3763
3766
3785
3763
3767
3772
3766
3794
3766
3772
3762
3777
3776
3768
3771
3748
3767
3771
3763
3771
3772
3775
3770
3785
3764
3787
3770
3765
3788
3768
3787
3770
3775
3773
3778
3768
3772
3775
3788
3769
3766
3772
3783
3773
3766
3768
3792
3775
3768
3771
3782
3789
3760
3767
3777
3769
3769
3772
3778
3768
3769
3781
3780
3773
3782
3770
3810
3774
3780
3770
3762
3775
3784
3777
3779
3776
3770
3789
3770
3780
3772
3799
3788
3771
3773
3778
3777
3769
3780
3769
3793
3797
3777
3778
3774
3798
3775
3787
3779
3781
3776
3775
3776
3780
3801
3786
3779
3790
3779
3773
3774
3781
3776
3799
3789
3777
3779
3781
3788
3775
3780
3779
3791
3781
3777
3781
3778
3764
3779
3778
3787
3803
3782
3790
3784
3777
3783
3778
3777
3791
3781
3780
3800
3784
3779
3787
3779
3809
3775
3776
3791
3785
3794
3789
3811
3782
3779
3787
3774
3777
3780
3782
3784
3784
3778
3806
3780
3801
3783
3777
3786
3789
3780
3781
3785
3785
3780
3782
3819
3813
3788
3804
3799
3796
3781
3809
3784
3786
3792
3786
3787
3787
3780
3807
3798
3790
3780
3786
3787
3788
3790
3781
3790
3782
3787
3788
3784
3784
3787
3789
3794
3786
3786
3787
3792
3789
3825
3790
3787
3790
3785
3793
3785
3783
3787
3804
3798
3812
3789
3786
3789
3790
3789
3783
3826
3790
3798
3790
3786
3787
3808
3792
3790
3784
3786
3793
3786
3793
3788
3790
3791
3795
3808
3786
3785
3794
3789
3823
3810
3791
3783
3793
3812
3794
3793
3789
3792
3785
3787
3800
3802
3794
3795
3791
3790
3794
3799
3789
3793
3793
3788
3794
3795
3823
3799
3793
3796
3799
3813
3799
3791
3791
3791
3787
3794
3790
3791
3794
3790
3815
3792
3808
3794
3814
3791
3807
3795
3795
3821
3807
3803
3823
3802
3806
3797
3800
3807
3802
3792
3792
3800
3791
3794
3794
3791
3799
3793
3798
3806
3787
3812
3806
3797
3791
3793
3795
3795
3804
3797
3794
3819
3791
3795
3794
3795
3809
3814
3791
3801
3799
3802
3796
3794
3791
3820
3796
3797
3800
3798
3811
3799
3795
3794
3805
3797
3813
3790
3819
3803
3798
3811
3810
3804
3795
3795
3796
3828
3809
3799
3792
3805
3796
3797
3824
3807
3806
3800
3798
3799
3799
3799
3818
3814
3822
3807
3801
3798
3811
3801
3787
3801
3795
3801
3802
3795
3808
3802
3799
3808
3802
3804
3794
3805
3808
3835
3800
3814
3811
3816
3801
3806
3817
3797
3829
3808
3822
3803
3797
3798
3810
3807
3807
3823
3809
3799
3805
3801
3799
3809
3798
3798
3806
3797
3811
3802
3802
3813
3799
3834
3806
3807
3805
3804
3811
3800
3798
3808
3805
3807
3810
3808
3802
3801
3836
3828
3804
3801
3820
3806
3808
3814
3805
3811
3806
3808
3812
3806
3806
3805
3808
3804
3806
3808
3834
3809
3835
3809
3800
3805
3809
3807
3835
3840
3823
3808
3817
3811
3813
3808
3812
3810
3825
3811
3809
3811
3809
3811
3804
3829
3808
3821
3810
3815
3816
3809
3806
3807
3822
3827
3811
3807
3808
3834
3811
3809
3821
3830
3806
3805
3823
3814
3812
3826
3821
3836
3829
3834
3840
3814
3808
3816
3816
3813
3818
3821
3811
3810
3820
3814
3812
3810
3812
3797
3827
3814
3811
3852
3828
3821
3806
3818
3813
3811
3821
3810
3814
3809
3804
3808
3815
3818
3812
3833
3809
3813
3835
3812
3812
3827
3809
3846
3815
3809
3833
3809
3816
3813
3820
3816
3815
3818
3813
3833
3812
3813
3813
3822
3815
3840
3808
3814
3812
3808
3819
3813
3815
3809
3815
3826
3844
3838
3827
3824
3811
3815
3843
3811
3839
3812
3827
3814
3810
3831
3810
3814
3818
3813
3833
3814
3832
3816
3832
3815
3813
3816
3838
3829
3818
3816
3820
3829
3843
3814
3841
3815
3818
3843
3813
3830
3808
3821
3829
3818
3815
3814
3826
3813
3822
3823
3831
3819
3817
3811
3823
3817
3821
3820
3818
3830
3824
3833
3820
3821
3833
3820
3823
3814
3837
3822
3830
3822
3835
3820
3827
3818
3832
3819
3820
3820
3819
3816
3811
3817
3818
3817
3820
3830
3825
3822
3824
3822
3835
3817
3822
3821
3820
3815
3817
3819
3831
3819
3827
3831
3820
3832
3826
3818
3828
3818
3826
3819
3822
3828
3837
3823
3816
3824
3837
3839
3825
3823
3821
3815
3822
3826
3854
3821
3819
3824
3817
3832
3824
3834
3832
3822
3821
3821
3825
3864
3857
3826
3839
3825
3826
3830
3824
3822
3834
3825
3839
3822
3842
3826
3825
3822
3834
3836
3827
3824
3818
3820
3824
3840
3827
3849
3826
3850
3825
3815
3825
3825
3822
3833
3839
3835
3848
3834
3842
3822
3830
3830
3838
3836
3823
3833
3820
3819
3837
3850
3841
3822
3830
3854
3826
3834
3825
3825
3822
3839
3837
3845
3824
3851
3823
3834
3838
3836
3831
3830
3825
3827
3824
3823
3825
3849
3825
3833
3833
3826
3828
3830
3833
3825
3818
3839
3834
3823
3835
3825
3829
3825
3832
3839
3847
3832
3829
3849
3829
3829
3828
3823
3835
3828
3824
3831
3838
3827
3829
3825
3836
3835
3850
3849
3846
3844
3843
3824
3835
3832
3829
3857
3829
3828
3833
3854
3833
3827
3838
3830
3826
3827
3824
3860
3828
3838
3836
3842
3837
3834
3834
3851
3835
3834
3827
3836
3826
3850
3848
3827
3846
3828
3827
3828
3842
3854
3830
3836
3851
3839
3830
3827
3845
3838
3857
3831
3844
3828
3840
3850
3824
3846
3833
3829
3843
3824
3826
3854
3825
3840
3835
3832
3854
3839
3833
3830
3831
3835
3831
3834
3834
3859
3831
3826
3846
3829
3836
3858
3832
3838
3840
3835
3829
3863
3833
3856
3836
3830
3851
3850
3835
3836
3834
3835
3844
3831
3837
3840
3835
3846
3836
3835
3831
3834
3830
3838
3837
3831
3837
3847
3852
3840
3845
3857
3835
3834
3838
3851
3861
3835
3859
3843
3844
3836
3841
3836
3832
3842
3841
3838
3845
3842
3853
3864
3843
3841
3837
3835
3830
3834
3844
3839
3836
3847
3833
3838
3838
3837
3823
3836
3835
3833
3835
3849
3841
3839
3836
3847
3849
3858
3839
3846
3833
3849
3844
3851
3827
3838
3840
3830
3838
3837
3822
3842
3852
3834
3850
3836
3837
3863
3858
3835
3842
3842
3831
3837
3836
3836
3840
3841
3850
3839
3833
3849
3845
3859
3842
3833
3833
3847
3838
3837
3856
3858
3842
3849
3855
3842
3852
3833
3840
3855
3838
3850
3839
3841
3852
3843
3840
3839
3838
3845
3839
3840
3843
3836
3866
3847
3843
3843
3848
3840
3842
3846
3841
3837
3846
3840
3840
3836
3844
3844
3841
3841
3843
3842
3836
3846
3837
3840
3842
3861
3843
3848
3836
3841
3836
3842
3839
3851
3848
3855
3848
3844
3834
3848
3841
3847
3845
3862
3843
3841
3832
3854
3861
3853
3871
3842
3889
3859
3842
3847
3839
3845
3845
3844
3845
3861
3845
3842
3850
3839
3858
3860
3841
3862
3842
3840
3869
3851
3842
3840
3843
3844
3882
3840
3844
3844
3844
3843
3870
3848
3859
3849
3850
3871
3856
3844
3862
3856
3846
3853
3847
3841
3848
3850
3852
3846
3857
3839
3843
3850
3861
3850
3841
3859
3867
3849
3852
3858
3841
3843
3851
3843
3844
3844
3847
3844
3841
3847
3842
3844
3853
3848
3840
3864
3876
3840
3840
3843
3845
3849
3884
3848
3846
3872
3846
3847
3846
3849
3839
3856
3847
3844
3845
3851
3846
3852
3870
3851
3841
3846
3857
3845
3875
3881
3847
3843
3847
3845
3849
3855
3831
3854
3852
3845
3846
3849
3846
3869
3847
3852
3849
3847
3845
3843
3849
3871
3859
3845
3853
3844
3850
3843
3861
3877
3845
3850
3861
3852
3848
3842
3854
3878
3863
3869
3846
3844
3864
3846
3846
3848
3845
3850
3843
3861
3848
3849
3849
3851
3844
3853
3849
3842
3853
3851
3846
3848
3864
3847
3845
3848
3872
3847
3848
3849
3855
3874
3846
3858
3853
3851
3845
3851
3864
3843
3853
3873
3842
3868
3851
3847
3846
3860
3849
3864
3849
3857
3852
3850
3849
3849
3854
3863
3849
3863
3848
3849
3850
3865
3852
3847
3849
3848
3850
3854
3852
3877
3857
3863
3878
3851
3847
3883
3855
3837
3857
3852
3853
3855
3862
3852
3850
3851
3871
3860
3856
3851
3876
3853
3852
3853
3852
3852
3848
3848
3862
3853
3866
3853
3855
3854
3856
3880
3890
3864
3869
3863
3872
3860
3857
3854
3853
3849
3853
3858
3851
3852
3877
3857
3854
3850
3853
3878
3853
3849
3856
3856
3855
3852
3857
3852
3859
3852
3853
3862
3863
3855
3854
3867
3864
3857
3872
3851
3858
3849
3877
3848
3867
3855
3860
3881
3852
3861
3860
3864
3853
3859
3860
3862
3858
3862
3856
3857
3861
3850
3851
3856
3878
3868
3857
3856
3856
3857
3848
3872
3858
3878
3879
3855
3866
3877
3878
3858
3854
3866
3857
3866
3853
3855
3861
3856
3858
3852
3850
3853
3846
3867
3853
3870
3866
3854
3857
3886
3854
3854
3878
3854
3854
3853
3865
3857
3898
3855
3854
3857
3854
3849
3860
3861
3865
3858
3856
3856
3857
3852
3854
3860
3856
3861
3854
3857
3857
3865
3860
3863
3856
3854
3855
3852
3861
3860
3866
3854
3859
3854
3872
3861
3858
3863
3854
3856
3860
3857
3856
3866
3873
3862
3858
3859
3859
3859
3858
3859
3861
3859
3857
3874
3857
3866
3877
3857
3859
3853
3889
3854
3860
3873
3859
3857
3859
3858
3861
3871
3856
3858
3858
3861
3852
3860
3869
3856
3868
3869
3860
3870
3864
3860
3855
3875
3861
3864
3862
3866
3869
3870
3866
3860
3865
3862
3890
3888
3864
3878
3863
3871
3877
3863
3866
3856
3861
3863
3863
3880
3868
3871
3860
3861
3865
3863
3857
3862
3868
3860
3861
3857
3865
3863
3859
3861
3859
3869
3860
3856
3864
3858
3863
3860
3865
3867
3859
3857
3860
3862
3871
3863
3861
3887
3859
3865
3859
3857
3875
3863
3859
3857
3883
3858
3867
3862
3866
3866
3864
3886
3865
3862
3871
3867
3863
3874
3876
3867
3866
3861
3863
3869
3859
3862
3861
3879
3858
3877
3871
3889
3861
3871
3874
3864
3857
3866
3868
3863
3871
3869
3871
3864
3870
3856
3877
3875
3860
3877
3860
3891
3861
3869
3864
3880
3873
3873
3863
3886
3888
3861
3864
3864
3865
3870
3866
3858
3856
3856
3867
3862
3866
3889
3862
3865
3862
3868
3864
3870
3869
3866
3871
3869
3867
3869
3865
3864
3862
3881
3864
3864
3871
3866
3861
3860
3864
3868
3863
3867
3869
3861
3872
3864
3869
3858
3860
3887
3870
3861
3870
3862
3886
3892
3871
3884
3861
3861
3869
3891
3887
3892
3865
3863
3862
3865
3866
3864
3880
3860
3865
3859
3865
3883
3856
3889
3864
3860
3866
3863
3867
3885
3859
3852
3865
3864
3869
3876
3862
3864
3867
3869
3874
3868
3862
3867
3862
3893
3869
3863
3889
3896
3876
3862
3866
3867
3864
3877
3864
3864
3861
3860
3876
3860
3853
3863
3894
3863
3887
3863
3867
3863
3864
3858
3891
3868
3859
3866
3867
3869
3888
3889
3862
3863
3886
3875
3879
3871
3872
3867
3869
3862
3862
3862
3872
3865
3893
3862
3864
3872
3875
3871
3863
3866
3864
3868
3865
3868
3871
3879
3874
3866
3905
3863
3865
3865
3852
3874
3868
3869
3871
3872
3866
3873
3874
3871
3870
3865
3887
3863
3872
3868
3893
3868
3875
3865
3887
3896
3868
3868
3868
3873
3866
3869
3862
3896
3893
3876
3865
3888
3866
3854
3866
3872
3864
3859
3876
3875
3864
3863
3864
3878
3864
3863
3877
3863
3868
3880
3868
3866
3882
3874
3866
3887
3878
3872
3868
3869
3864
3876
3872
3891
3893
3863
3863
3878
3887
3868
3877
3852
3865
3867
3869
3891
3891
3869
3869
3867
3888
3870
3877
3872
3866
3867
3876
3886
3872
3870
3874
3870
3877
3882
3912
3868
3880
3867
3870
3878
3895
3863
3868
3871
3885
3872
3888
3873
3877
3878
3871
3868
3891
3871
3872
3874
3871
3868
3874
3867
3878
3871
3872
3871
3871
3876
3870
3866
3868
3865
3874
3871
3879
3867
3868
3868
3880
3877
3865
3883
3868
3877
3881
3871
3868
3876
3870
3878
3881
3888
3902
3896
3877
3871
3873
3869
3867
3884
3869
3874
3868
3876
3870
3881
3882
3873
3869
3870
3880
3880
3883
3890
3870
3869
3868
3880
3877
3876
3872
3875
3884
3884
3883
3871
3885
3880
3869
3876
3872
3874
3875
3879
3878
3877
3878
3873
3881
3871
3873
3872
3891
3881
3882
3873
3884
3875
3876
3891
3873
3873
3872
3874
3904
3873
3870
3870
3874
3881
3879
3870
3882
3880
3872
3882
3874
3871
3875
3871
3873
3869
3876
3880
3872
3881
3874
3877
3878
3882
3886
3874
3869
3883
3872
3873
3883
3872
3870
3874
3870
3881
3874
3874
3895
3877
3886
3881
3876
3875
3889
3880
3875
3877
3880
3867
3899
3886
3883
3871
3884
3872
3880
3872
3880
3868
3877
3887
3896
3877
3863
3887
3873
3880
3886
3880
3881
3873
3871
3881
3871
3881
3873
3877
3874
3879
3874
3871
3874
3870
3868
3870
3894
3897
3875
3898
3895
3876
3881
3873
3873
3875
3885
3870
3871
3874
3873
3876
3876
3876
3878
3878
3874
3875
3884
3884
3875
3883
3889
3872
3873
3881
3874
3874
3876
3878
3882
3871
3892
3898
3882
3873
3884
3879
3902
3893
3881
3887
3891
3873
3890
3896
3876
3875
3876
3867
3876
3874
3879
3881
3874
3880
3880
3881
3895
3882
3871
3885
3873
3881
3879
3872
3876
3873
3901
3899
3918
3894
3903
3890
3893
3905
3881
3873
3877
3876
3878
3878
3889
3885
3888
3878
3875
3875
3876
3887
3874
3899
3882
3889
3867
3870
3876
3901
3875
3880
3895
3890
3879
3879
3891
3878
3881
3877
3885
3883
3881
3876
3879
3883
3878
3885
3879
3876
3873
3876
3894
3884
3883
3879
3879
3902
3877
3883
3880
3881
3879
3897
3890
3883
3885
3884
3886
3878
3884
3879
3879
3884
3900
3875
3887
3881
3877
3903
3881
3897
3874
3881
3877
3880
3875
3887
3879
3878
3875
3891
3893
3877
3916
3878
3879
3885
3890
3903
3877
3878
3879
3879
3887
3884
3881
3894
3886
3904
3892
3913
3885
3877
3881
3879
3886
3878
3879
3880
3895
3906
3883
3911
3879
3877
3897
3884
3899
3881
3899
3908
3888
3891
3883
3904
3881
3880
3886
3870
3886
3881
3891
3887
3909
3904
3880
3876
3882
3882
3881
3889
3881
3904
3895
3889
3879
3877
3892
3890
3881
3888
3877
3881
3879
3880
3896
3882
3881
3893
3879
3907
3881
3879
3877
3903
3882
3890
3880
3899
3909
3879
3880
3893
3884
3878
3904
3884
3881
3897
3899
3879
3888
3891
3885
3882
3880
3896
3889
3880
3880
3881
3885
3882
3883
3890
3885
3883
3881
3883
3893
3881
3888
3888
3899
3883
3875
3884
3883
3884
3882
3898
3889
3892
3885
3878
3883
3883
3878
3881
3882
3877
3884
3877
3880
3883
3880
3900
3880
3911
3893
3883
3871
3878
3885
3879
3902
3886
3884
3882
3881
3898
3887
3895
3900
3882
3882
3881
3888
3879
3877
3894
3908
3878
3881
3879
3893
3878
3885
3885
3882
3883
3881
3884
3880
3886
3890
3882
3883
3882
3880
3886
3878
3882
3881
3889
3879
3886
3909
3884
3891
3883
3894
3893
3903
3883
3884
3905
3879
3903
3882
3889
3880
3885
3890
3888
3895
3892
3879
3908
3890
3892
3877
3891
3886
3881
3878
3894
3903
3885
3875
3890
3875
3912
3882
3882
3884
3893
3883
3897
3905
3881
3877
3883
3883
3878
3881
3886
3886
3918
3885
3886
3885
3880
3877
3891
3882
3885
3881
3903
3881
3905
3883
3889
3882
3904
3887
3893
3888
3885
3881
3879
3886
3889
3880
3886
3896
3893
3902
3886
3885
3887
3901
3877
3883
3876
3888
3883
3886
3883
3903
3883
3887
3881
3897
3907
3893
3882
3892
3880
3887
3890
3883
3889
3891
3926
3893
3881
3886
3884
3911
3891
3894
3882
3887
3909
3885
3917
3885
3890
3888
3884
3891
3883
3884
3884
3906
3882
3887
3888
3884
3881
3909
3883
3891
3901
3889
3899
3916
3888
3883
3897
3910
3893
3887
3888
3890
3884
3912
3885
3881
3879
3882
3889
3885
3877
3887
3886
3885
3907
3890
3886
3890
3884
3881
3912
3884
3885
3897
3887
3898
3893
3890
3883
3882
3888
3886
3889
3913
3895
3892
3895
3915
3883
3882
3901
3887
3912
3893
3878
3889
3892
3889
3900
3895
3885
3888
3888
3899
3885
3887
3889
3888
3908
3884
3886
3902
3885
3881
3887
3883
3882
3896
3885
3882
3907
3910
3894
3876
3885
3909
3887
3884
3883
3888
3881
3894
3887
3882
3884
3907
3882
3886
3883
3886
3896
3886
3889
3895
3892
3908
3884
3888
3914
3872
3894
3889
3892
3906
3905
3912
3899
3884
3885
3891
3895
3881
3901
3880
3884
3886
3886
3883
3881
3921
3884
3886
3888
3896
3883
3892
3882
3909
3896
3888
3888
3888
3903
3910
3885
3886
3901
3889
3889
3893
3906
3908
3887
3887
3888
3896
3888
3886
3887
3879
3893
3892
3886
3885
3882
3912
3873
3888
3891
3911
3885
3891
3891
3897
3883
3889
3887
3885
3891
3887
3887
3897
3889
3885
3889
3884
3887
3885
3884
3919
3883
3888
3888
3887
3901
3883
3883
3890
3906
3890
3903
3904
3889
3882
3886
3902
3889
3887
3891
3886
3885
3903
3884
3897
3870
3885
3885
3898
3886
3881
3898
3898
3886
3884
3888
3895
3881
3889
3895
3882
3884
3921
3894
3887
3887
3890
3888
3885
3887
3884
3895
3888
3888
3889
3888
3885
3894
3892
3899
3887
3883
3886
3902
3909
3889
3888
3887
3872
3887
3887
3889
3884
3889
3888
3904
3894
3908
3885
3889
3894
3927
3883
3926
3886
3888
3899
3888
3910
3884
3889
3903
3883
3898
3889
3891
3894
3898
3893
3892
3906
3893
3890
3916
3889
3886
3900
3888
3886
3882
3906
3886
3893
3887
3904
3884
3895
3909
3889
3893
3887
3887
3894
3902
3891
3890
3915
3889
3916
3895
3896
3890
3901
3892
3903
3887
3893
3897
3894
3887
3893
3915
3889
3887
3884
3890
3890
3886
3886
3889
3886
3889
3901
3884
3901
3885
3893
3890
3889
3890
3901
3914
3887
3892
3888
3899
3891
3889
3892
3884
3886
3888
3887
3915
3889
3893
3880
3888
3889
3892
3890
3894
3886
3891
3884
3906
3890
3888
3892
3885
3886
3888
3898
3889
3888
3889
3874
3898
3891
3893
3887
3890
3887
3890
3893
3886
3892
3891
3893
3888
3886
3889
3886
3888
3892
3899
3892
3888
3889
3891
3890
3897
3899
3903
3889
3917
3902
3891
3886
3885
3902
3888
3901
3887
3892
3903
3892
3901
3897
3894
3909
3892
3890
3894
3891
3892
3890
3919
3900
3885
3889
3897
3887
3897
3882
3892
3889
3897
3897
3888
3897
3882
3888
3912
3898
3894
3889
3891
3889
3885
3894
3885
3898
3886
3895
3882
3884
3895
3899
3892
3894
3891
3889
3917
3887
3884
3913
3884
3917
3891
3883
3894
3886
3884
3888
3899
3903
3898
3892
3888
3886
3887
3887
3916
3892
3887
3913
3895
3900
3889
3896
3898
3909
3920
3898
3886
3887
3904
3889
3891
3885
3886
3904
3886
3894
3887
3891
3890
3899
3900
3887
3887
3911
3889
3885
3892
3901
3892
3895
3890
3897
3902
3914
3897
3883
3891
3925
3888
3893
3886
3918
3900
3913
3886
3893
3895
3896
3908
3889
3891
3892
3891
3882
3893
3884
3892
3892
3884
3901
3889
3895
3887
3892
3899
3914
3890
3890
3887
3892
3893
3911
3901
3893
3888
3891
3888
3892
3897
3898
3889
3887
3889
3913
3919
3893
3892
3897
3909
3898
3895
3890
3899
3896
3922
3889
3924
3893
3909
3901
3890
3893
3887
3889
3901
3872
3892
3914
3891
3898
3896
3888
3894
3904
3902
3899
3885
3888
3894
3887
3888
3892
3893
3892
3894
3889
3893
3916
3906
3924
3895
3899
3892
3897
3903
3890
3892
3889
3890
3915
3909
3887
3900
3893
3888
3889
3890
3890
3890
3895
3892
3896
3897
3894
3892
3887
3880
3880
3887
3885
3887
3912
3889
3891
3886
3898
3890
3906
3892
3891
3896
3894
3886
3921
3895
3892
3890
3895
3890
3889
3905
3892
3887
3911
3895
3894
3899
3891
3905
3902
3893
3893
3887
3900
3901
3900
3895
3905
3890
3888
3893
3891
3888
3898
3900
3895
3892
3922
3908
3893
3890
3891
3896
3901
3896
3893
3894
3904
3892
3898
3891
3890
3892
3889
3907
3903
3893
3903
3894
3893
3918
3896
3892
3901
3895
3892
3895
3885
3898
3885
3886
3888
3904
3889
3898
3889
3898
3900
3899
3897
3887
3891
3898
3888
3893
3892
3911
3896
3892
3895
3893
3896
3892
3892
3890
3892
3896
3895
3896
3898
3892
3894
3900
3895
3913
3904
3896
3892
3924
3892
3894
3903
3893
3898
3893
3888
3893
3906
3894
3921
3895
3892
3915
3895
3893
3890
3894
3895
3889
3894
3894
3889
3892
3899
3901
3892
3934
3912
3899
3901
3891
3887
3903
3897
3892
3893
3893
3892
3895
3898
3911
3889
3890
3888
3897
3907
3888
3897
3900
3904
3908
3890
3894
3917
3886
3896
3897
3926
3891
3911
3896
3895
3884
3895
3900
3921
3887
3901
3903
3896
3916
3894
3889
3895
3891
3896
3892
3894
3902
3896
3901
3895
3886
3896
3913
3900
3896
3918
3895
3889
3897
3887
3893
3888
3887
3892
3898
3910
3894
3899
3916
3893
3889
3902
3892
3892
3901
3895
3916
3894
3889
3898
3899
3894
3897
3905
3895
3919
3892
3900
3890
3895
3891
3890
3906
3913
3901
3899
3918
3895
3897
3906
3894
3920
3879
3919
3889
3890
3910
3895
3899
3891
3895
3896
3889
3893
3895
3888
3897
3905
3894
3887
3913
3898
3907
3898
3891
3900
3929
3892
3890
3894
3907
3894
3893
3905
3908
3891
3880
3917
3893
3901
3889
3899
3893
3891
3895
3893
3901
3894
3899
3889
3896
3887
3901
3914
3893
3903
3902
3901
3898
3909
3889
3902
3900
3897
3912
3892
3894
3919
3893
3885
3890
3892
3900
3900
3913
3917
3889
3897
3892
3901
3891
3893
3895
3889
3895
3894
3892
3906
3917
3897
3891
3893
3899
3898
3915
3900
3894
3910
3901
3899
3912
3896
3901
3894
3889
3901
3891
3891
3891
3895
3890
3899
3918
3894
3904
3896
3892
3911
3903
3895
3892
3896
3892
3906
3921
3905
3891
3899
3896
3891
3898
3918
3890
3891
3888
3897
3914
3896
3896
3898
3882
3907
3900
3893
3898
3887
3900
3894
3893
3891
3897
3892
3897
3904
3920
3892
3912
3891
3899
3892
3894
3927
3901
3904
3887
3896
3894
3894
3899
3895
3890
3891
3897
3898
3894
3892
3889
3892
3894
3892
3915
3893
3901
3889
3897
3895
3893
3896
3892
3895
3894
3896
3906
3896
3917
3895
3889
3896
3906
3911
3897
3893
3887
3903
3908
3918
3899
3895
3893
3894
3892
3896
3925
3903
3894
3922
3895
3895
3895
3898
3895
3905
3926
3894
3924
3905
3889
3899
3894
3896
3903
3889
3914
3897
3892
3911
3896
3895
3899
3906
3899
3916
3890
3910
3915
3891
3900
3895
3900
3895
3894
3903
3903
3894
3889
3917
3901
3894
3924
3904
3899
3902
3896
3895
3909
3895
3895
3902
3890
3907
3904
3901
3894
3897
3895
3893
3913
3897
3896
3896
3894
3893
3895
3900
3904
3898
3910
3893
3895
3894
3896
3891
3894
3894
3904
3893
3900
3895
3889
3891
3898
3891
3897
3896
3896
3905
3932
3911
3917
3900
3889
3893
3892
3894
3901
3901
3895
3911
3896
3879
3900
3899
3894
3891
3894
3896
3898
3892
3896
3890
3895
3910
3902
3893
3899
3900
3902
3899
3898
3904
3909
3905
3920
3897
3893
3927
3895
3902
3897
3891
3899
3890
3891
3895
3899
3902
3900
3911
3900
3921
3919
3894
3918
3897
3898
3910
3917
3900
3895
3892
3902
3890
3910
3906
3900
3894
3889
3894
3893
3897
3896
3916
3894
3891
3893
3910
3909
3902
3889
3924
3897
3892
3896
3902
3892
3893
3892
3918
3896
3898
3901
3888
3900
3902
3906
3911
3900
3877
3899
3913
3901
3894
3896
3897
3911
3902
3904
3892
3914
3900
3909
3917
3894
3921
3906
3905
3897
3906
3909
3911
3894
3895
3895
3920
3900
3894
3897
3895
3887
3901
3897
3892
3896
3906
3909
3923
3924
3903
3915
3893
3898
3916
3898
3892
3890
3890
3902
3898
3904
3897
3903
3888
3890
3903
3895
3897
3895
3914
3898
3899
3899
3894
3904
3905
3899
3914
3891
3924
3917
3896
3899
3897
3889
3894
3886
3898
3915
3917
3891
3905
3896
3920
3903
3927
3898
3918
3910
3897
3893
3892
3899
3898
3895
3913
3905
3899
3919
3898
3898
3907
3908
3889
3896
3904
3904
3919
3896
3917
3897
3898
3892
3897
3901
3891
3896
3918
3894
3892
3898
3909
3902
3897
3924
3910
3904
3920
3902
3896
3905
3910
3910
3899
3901
3894
3894
3910
3894
3892
3899
3893
3896
3894
3897
3904
3895
3895
3900
3903
3900
3900
3911
3895
3906
3919
3897
3895
3917
3893
3901
3894
3895
3891
3908
3903
3899
3900
3895
3893
3900
3895
3897
3896
3924
3894
3904
3899
3912
3892
3894
3908
3912
3894
3899
3906
3918
3897
3911
3903
3901
3897
3912
3919
3896
3895
3895
3936
3919
3907
3899
3900
3904
3900
3906
3898
3890
3922
3901
3892
3902
3898
3896
3904
3894
3908
3901
3899
3897
3901
3899
3899
3894
3909
3909
3902
3911
3903
3892
3899
3927
3907
3900
3894
3895
3925
3898
3891
3901
3905
3899
3892
3896
3898
3915
3897
3895
3894
3895
3901
3913
3900
3878
3907
3895
3895
3888
3896
3907
3904
3900
3897
3905
3895
3897
3893
3913
3890
3894
3895
3923
3903
3893
3906
3892
3898
3894
3909
3898
3895
3893
3891
3892
3897
3894
3894
3912
3904
3902
3902
3893
3898
3898
3922
3896
3898
3921
3898
3894
3899
3902
3898
3913
3903
3900
3910
3897
3893
3901
3901
3938
3895
3893
3893
3896
3895
3917
3900
3893
3897
3897
3890
3901
3921
3908
3903
3907
3900
3900
3898
3896
3906
3894
3898
3905
3914
3908
3892
3905
3899
3894
3896
3921
3897
3905
3899
3896
3897
3917
3904
3924
3895
3911
3901
3890
3897
3896
3895
3897
3903
3892
3906
3893
3901
3908
3896
3902
3908
3909
3898
3895
3897
3900
3902
3900
3901
3898
3900
3896
3898
3911
3900
3897
3908
3907
3896
3897
3898
3903
3904
3901
3934
3896
3924
3910
3894
3899
3904
3903
3896
3890
3905
3892
3918
3906
3913
3903
3900
3902
3904
3895
3917
3893
3895
3907
3928
3910
3895
3925
3914
3920
3895
3900
3915
3930
3897
3900
3908
3902
3898
3895
3899
3898
3924
3932
3934
3904
3908
3896
3898
3931
3904
3916
3898
3901
3897
3903
3903
3906
3905
3907
3916
3922
3895
3907
3920
3908
3918
3910
3927
3891
3892
3903
3897
3925
3910
3899
3896
3898
3900
3901
3911
3899
3901
3915
3899
3913
3930
3900
3897
3911
3901
3904
3909
3902
3912
3896
3905
3900
3899
3910
3899
3900
3895
3904
3900
3901
3921
3900
3924
3899
3899
3902
3895
3918
3901
3908
3898
3899
3901
3922
3896
3904
3897
3901
3913
3906
3896
3897
3916
3897
3908
3898
3902
3894
3899
3894
3915
3896
3904
3896
3902
3929
3906
3898
3911
3900
3896
3915
3925
3907
3900
3902
3901
3914
3905
3913
3899
3909
3900
3898
3901
3899
3905
3899
3900
3899
3906
3896
3912
3897
3909
3905
3931
3896
3898
3897
3900
3915
3906
3901
3906
3926
3909
3910
3912
3907
3901
3896
3896
3911
3901
3902
3895
3909
3920
3910
3902
3900
3901
3899
3910
3894
3903
3894
3901
3897
3924
3910
3907
3891
3907
3895
3899
3897
3895
3898
3897
3898
3893
3897
3928
3895
3896
3896
3920
3895
3893
3900
3914
3919
3936
3907
3900
3903
3916
3902
3902
3914
3913
3895
3902
3899
3930
3895
3906
3899
3912
3905
3899
3894
3896
3898
3933
3900
3910
3899
3922
3895
3928
3902
3900
3900
3905
3900
3909
3924
3900
3908
3898
3900
3914
3917
3895
3903
3896
3905
3903
3927
3896
3899
3908
3919
3908
3913
3901
3905
3902
3903
3896
3895
3903
3901
3914
3908
3902
3903
3918
3911
3921
3897
3896
3925
3897
3906
3897
3896
3909
3903
3908
3897
3897
3893
3900
3899
3923
3898
3905
3899
3913
3898
3926
3896
3895
3923
3896
3896
3903
3893
3897
3899
3900
3898
3903
3898
3895
3901
3898
3923
3897
3896
3901
3897
3903
3900
3909
3899
3902
3922
3920
3897
3908
3903
3896
3904
3897
3910
3900
3909
3901
3898
3903
3891
3919
3911
3925
3894
3914
3912
3910
3893
3936
3898
3895
3925
3899
3907
3910
3903
3899
3892
3903
3893
3897
3914
3916
3919
3905
3898
3910
3894
3896
3904
3901
3908
3901
3897
3898
3899
3916
3901
3896
3891
3901
3912
3902
3902
3902
3920
3907
3920
3898
3896
3914
3898
3896
3902
3898
3894
3900
3910
3924
3898
3898
3898
3900
3917
3919
3903
3925
3893
3898
3906
3898
3898
3898
3908
3896
3896
3922
3903
3925
3918
3893
3894
3903
3900
3901
3939
3905
3923
3897
3910
3898
3899
3894
3897
3919
3910
3902
3898
3895
3896
3907
3922
3900
3919
3898
3903
3899
3887
3896
3898
3917
3902
3902
3902
3905
3907
3901
3896
3914
3906
3902
3898
3900
3906
3894
3896
3897
3909
3901
3922
3901
3901
3908
3900
3899
3900
3903
3895
3902
3925
3916
3897
3902
3911
3903
3903
3914
3902
3923
3898
3913
3898
3897
3920
3907
3902
3901
3899
3915
3897
3904
3898
3914
3899
3893
3934
3897
3909
3901
3893
3905
3898
3900
3908
3909
3896
3897
3900
3900
3902
3924
3900
3899
3922
3926
3903
3896
3926
3898
3909
3898
3909
3900
3905
3918
3913
3926
3905
3912
3902
3896
3913
3897
3896
3899
3904
3897
3906
3902
3899
3923
3905
3916
3896
3902
3914
3901
3897
3901
3897
3922
3898
3898
3901
3899
3902
3921
3896
3926
3908
3902
3900
3897
3900
3914
3913
3900
3907
3896
3900
3896
3893
3895
3916
3918
3910
3906
3907
3900
3894
3929
3913
3902
3894
3893
3930
3922
3906
3897
3928
3895
3899
3916
3893
3902
3901
3897
3900
3908
3893
3922
3897
3906
3900
3896
3896
3903
3915
3897
3907
3902
3901
3904
3912
3898
3923
3897
3905
3895
3898
3889
3891
3905
3899
3898
3902
3897
3907
3907
3899
3903
3893
3900
3899
3894
3893
3901
3906
3906
3896
3902
3904
3903
3900
3896
3928
3897
3910
3922
3907
3898
3894
3899
3925
3883
3896
3895
3893
3895
3904
3902
3918
3903
3896
3893
3886
3896
3897
3921
3899
3901
3907
3899
3919
3912
3896
3900
3899
3903
3895
3913
3900
3910
3911
3911
3933
3900
3908
3919
3907
3900
3920
3894
3915
3896
3897
3935
3909
3897
3895
3897
3901
3906
3904
3899
3899
3902
3909
3908
3898
3901
3899
3895
3897
3898
3900
3900
3900
3922
3893
3921
3904
3897
3894
3909
3898
3891
3896
3912
3915
3895
3896
3925
3902
3912
3904
3896
3909
3913
3895
3900
3920
3904
3903
3889
3902
3895
3905
3900
3899
3878
3900
3900
3898
3898
3928
3896
3899
3910
3896
3923
3902
3912
3923
3906
3907
3906
3918
3896
3896
3897
3912
3898
3912
3904
3900
3909
3899
3900
3902
3896
3898
3902
3912
3900
3908
3892
3898
3898
3917
3899
3902
3895
3901
3897
3904
3912
3896
3927
3903
3903
3898
3900
3901
3918
3901
3904
3902
3911
3908
3922
3926
3916
3902
3893
3908
3922
3897
3896
3896
3904
3924
3897
3898
3904
3902
3900
3892
3902
3903
3898
3895
3896
3899
3898
3913
3901
3898
3901
3898
3904
3894
3900
3895
3909
3921
3900
3900
3914
3893
3903
3911
3899
3897
3899
3909
3908
3896
3900
3910
3884
3900
3911
3897
3895
3910
3895
3898
3890
3890
3910
3901
3898
3897
3923
3911
3900
3918
3899
3910
3930
3914
3906
3924
3901
3902
3904
3910
3908
3912
3897
3897
3895
3900
3922
3908
3900
3921
3899
3912
3909
3918
3897
3898
3906
3902
3905
3900
3917
3920
3906
3913
3899
3903
3900
3912
3892
3905
3898
3899
3896
3903
3921
3908
3904
3898
3899
3898
3898
3900
3892
3898
3905
3916
3900
3919
3913
3900
3908
3904
3908
3903
3918
3891
3920
3920
3914
3898
3899
3916
3896
3920
3901
3900
3897
3905
3921
3895
3908
3901
3900
3898
3892
3896
3901
3899
3902
3910
3913
3895
3914
3906
3907
3907
3896
3899
3917
3910
3897
3905
3898
3922
3900
3909
3902
3903
3897
3900
3900
3917
3895
3928
3896
3928
3913
3900
3898
3901
3898
3913
3897
3897
3898
3907
3894
3904
3901
3896
3897
3904
3899
3894
3901
3899
3898
3923
3908
3916
3896
3912
3908
3927
3923
3897
3923
3924
3908
3899
3898
3915
3912
3903
3922
3907
3900
3905
3907
3899
3899
3897
3918
3900
3897
3901
3914
3912
3928
3905
3925
3906
3896
3897
3893
3898
3922
3911
3924
3895
3900
3896
3902
3894
3901
3900
3901
3903
3908
3898
3896
3893
3905
3907
3904
3918
3895
3905
3900
3903
3899
3904
3900
3917
3899
3886
3902
3907
3899
3917
3910
3937
3903
3900
3917
3922
3922
3899
3903
3907
3905
3901
3902
3904
3900
3902
3897
3901
3910
3894
3901
3901
3912
3913
3908
3896
3930
3903
3907
3902
3901
3900
3898
3917
3907
3894
3898
3909
3913
3899
3909
3908
3923
3902
3926
3903
3900
3926
3905
3903
3927
3918
3900
3898
3908
3893
3905
3900
3926
3896
3899
3901
3902
3904
3899
3900
3903
3905
3896
3899
3900
3930
3897
3913
3902
3922
3924
3906
3901
3905
3925
3916
3906
3900
3899
3901
3901
3901
3908
3900
3905
3902
3906
3901
3920
3918
3919
3905
3911
3902
3903
3901
3898
3929
3918
3896
3900
3923
3897
3898
3900
3917
3899
3894
3905
3903
3899
3902
3894
3908
3915
3920
3903
3898
3901
3901
3893
3908
3906
3902
3902
3913
3900
3902
3900
3920
3901
3903
3929
3891
3898
3907
3902
3920
3901
3913
3901
3901
3899
3899
3908
3900
3905
3910
3912
3898
3909
3901
3895
3897
3904
3898
3898
3904
3903
3907
3897
3899
3916
3902
3930
3899
3898
3897
3896
3891
3914
3919
3903
3898
3899
3899
3898
3896
3907
3914
3908
3904
3899
3914
3898
3905
3901
3900
3901
3894
3914
3908
3904
3919
3905
3909
3899
3903
3896
3901
3926
3906
3904
3898
3903
3897
3896
3907
3897
3902
3906
3904
3923
3898
3904
3909
3928
3901
3910
3896
3909
3908
3901
3908
3905
3901
3902
3918
3900
3922
3901
3900
3910
3903
3902
3897
3929
3894
3908
3900
3905
3920
3897
3907
3921
3911
3901
3929
3908
3899
3934
3903
3884
3923
3922
3897
3895
3892
3907
3916
3903
3900
3900
3895
3902
3904
3903
3922
3906
3906
3895
3909
3923
3908
3899
3906
3903
3908
3899
3901
3910
3901
3928
3904
3900
3906
3913
3908
3902
3909
3902
3900
3902
3905
3899
3905
3908
3901
3906
3901
3907
3912
3914
3923
3906
3903
3906
3901
3908
3903
3888
3904
3900
3913
3898
3922
3928
3900
3906
3903
3908
3902
3908
3898
3900
3924
3917
3904
3908
3904
3899
3912
3905
3930
3901
3901
3921
3902
3903
3923
3919
3925
3895
3902
3907
3919
3898
3904
3896
3903
3904
3900
3903
3944
3902
3905
3902
3935
3921
3897
3898
3896
3906
3899
3907
3904
3921
3912
3904
3903
3905
3915
3895
3901
3895
3909
3909
3911
3915
3898
3903
3900
3904
3901
3917
3910
3904
3922
3904
3903
3930
3904
3899
3904
3900
3908
3902
3893
3902
3898
3898
3911
3900
3910
3902
3903
3911
3915
3902
3906
3904
3910
3896
3901
3900
3901
3926
3920
3903
3902
3911
3901
3915
3896
3918
3899
3917
3921
3906
3913
3904
3913
3914
3911
3902
3929
3904
3911
3913
3907
3903
3912
3905
3927
3900
3901
3901
3899
3917
3905
3917
3893
3899
3903
3912
3901
3897
3899
3905
3899
3913
3908
3909
3897
3924
3901
3907
3905
3896
3917
3905
3910
3919
3927
3912
3901
3910
3902
3904
3920
3908
3898
3906
3906
3902
3913
3906
3908
3903
3911
3895
3913
3944
3907
3903
3918
3904
3907
3908
3908
3910
3903
3900
3907
3930
3907
3903
3901
3904
3900
3931
3897
3905
3899
3921
3904
3913
3903
3912
3899
3908
3900
3903
3906
3907
3910
3904
3908
3906
3903
3906
3905
3929
3915
3903
3910
3924
3931
3911
3913
3901
3904
3906
3899
3903
3910
3914
3912
3906
3913
3900
3901
3907
3905
3913
3913
3905
3905
3905
3908
3904
3906
3913
3902
3898
3914
3899
3906
3913
3925
3935
3904
3911
3904
3907
3914
3907
3904
3901
3913
3896
3902
3907
3903
3909
3898
3914
3910
3902
3917
3929
3923
3912
3901
3914
3913
3916
3902
3934
3909
3908
3901
3902
3903
3905
3929
3900
3908
3900
3901
3907
3906
3901
3915
3902
3930
3902
3903
3906
3900
3903
3914
3908
3911
3900
3940
3906
3909
3909
3903
3903
3932
3913
3905
3907
3902
3905
3909
3906
3908
3900
3909
3896
3900
3904
3904
3898
3924
3919
3908
3907
3905
3919
3912
3907
3899
3905
3895
3904
3901
3897
3903
3901
3901
3902
3911
3923
3899
3898
3899
3900
3918
3917
3906
3924
3925
3904
3903
3908
3904
3900
3905
3901
3899
3910
3901
3901
3912
3908
3904
3910
3921
3912
3907
3902
3944
3904
3903
3899
3900
3894
3920
3902
3919
3903
3902
3910
3906
3907
3906
3903
3908
3907
3920
3906
3913
3911
3916
3902
3912
3899
3898
3909
3907
3912
3929
3943
3933
3902
3904
3905
3905
3899
3904
3896
3908
3905
3906
3901
3903
3909
3898
3901
3902
3912
3903
3905
3906
3904
3906
3902
3899
3903
3898
3903
3901
3902
3899
3902
3930
3901
3919
3916
3900
3900
3908
3904
3900
3900
3904
3918
3906
3902
3909
3905
3903
3907
3917
3906
3924
3900
3896
3897
3909
3925
3899
3909
3941
3899
3910
3900
3898
3900
3907
3939
3902
3908
3911
3903
3905
3901
3898
3906
3913
3921
3913
3900
3938
3911
3901
3907
3906
3947
3921
3901
3904
3937
3931
3903
3905
3906
3933
3904
3905
3917
3906
3906
3920
3904
3908
3913
3931
3897
3901
3904
3909
3910
3907
3929
3915
3909
3921
3916
3908
3927
3910
3899
3898
3906
3910
3902
3930
3908
3908
3902
3906
3903
3904
3900
3903
3918
3921
3903
3907
3907
3917
3905
3904
3912
3917
3937
3914
3899
3905
3906
3921
3903
3929
3902
3936
3901
3922
3901
3906
3903
3915
3938
3925
3905
3910
3913
3913
3903
3900
3924
3902
3902
3904
3884
3904
3907
3910
3914
3904
3907
3904
3910
3900
3908
3904
3903
3918
3902
3921
3915
3909
3900
3907
3924
3932
3912
3920
3912
3913
3896
3902
3911
3903
3903
3899
3921
3902
3906
3901
3914
3903
3903
3900
3901
3920
3907
3904
3906
3907
3916
3918
3902
3908
3923
3918
3902
3927
3902
3907
3933
3912
3913
3915
3901
3910
3900
3903
3901
3900
3903
3931
3912
3928
3908
3900
3932
3899
3889
3902
3902
3905
3905
3904
3907
3912
3903
3907
3926
3909
3904
3903
3914
3907
3920
3920
3908
3920
3904
3922
3905
3909
3903
3923
3909
3909
3907
3902
3914
3901
3906
3904
3903
3913
3894
3901
3927
3905
3904
3898
3905
3902
3912
3908
3909
3899
3930
3915
3904
3903
3908
3904
3899
3903
3907
3899
3901
3910
3899
3902
3904
3924
3912
3905
3912
3921
3908
3908
3909
3908
3910
3910
3905
3921
3915
3913
3901
3909
3901
3902
3909
3898
3900
3904
3898
3905
3907
3905
3902
3904
3908
3907
3905
3907
3906
3913
3908
3915
3912
3907
3902
3905
3911
3919
3908
3897
3909
3905
3904
3904
3901
3910
3904
3905
3907
3904
3909
3903
3933
3904
3904
3906
3903
3915
3916
3909
3928
3905
3904
3905
3905
3905
3900
3912
3903
3905
3909
3901
3919
3908
3893
3901
3901
3907
3911
3906
3902
3931
3904
3908
3909
3902
3907
3903
3901
3905
3917
3909
3905
3914
3903
3909
3906
3906
3920
3911
3925
3918
3896
3910
3946
3905
3901
3899
3931
3902
3903
3902
3903
3904
3906
3907
3918
3898
3898
3902
3908
3904
3904
3906
3901
3914
3905
3902
3902
3911
3902
3920
3907
3909
3904
3927
3901
3898
3911
3903
3905
3925
3900
3903
3896
3909
3903
3916
3903
3903
3901
3909
3927
3906
3904
3898
3918
3910
3901
3905
3907
3916
3908
3907
3905
3904
3913
3902
3909
3908
3922
3904
3905
3906
3899
3903
3903
3905
3908
3909
3907
3903
3903
3913
3903
3941
3902
3904
3933
3902
3932
3903
3907
3911
3901
3896
3917
3899
3904
3902
3909
3907
3897
3909
3898
3902
3902
3909
3918
3901
3916
3904
3905
3905
3903
3912
3928
3927
3920
3903
3932
3906
3899
3898
3912
3904
3897
3900
3910
3904
3919
3907
3911
3902
3904
3913
3912
3904
3897
3903
3938
3903
3911
3930
3902
3903
3911
3900
3898
3903
3913
3911
3901
3914
3912
3901
3909
3900
3906
3902
3906
3896
3905
3912
3904
3900
3911
3900
3905
3910
3915
3926
3909
3904
3910
3905
3901
3925
3904
3914
3906
3928
3927
3913
3904
3902
3903
3914
3922
3905
3903
3898
3911
3908
3912
3915
3901
3929
3909
3910
3900
3907
3916
3902
3900
3903
3902
3908
3899
3924
3910
3909
3901
3904
3912
3910
3927
3900
3902
3897
3913
3905
3929
3909
3903
3901
3909
3906
3908
3917
3907
3900
3900
3901
3897
3908
3897
3911
3900
3908
3907
3903
3927
3900
3917
3902
3899
3902
3920
3902
3916
3935
3909
3905
3906
3910
3909
3917
3905
3919
3905
3906
3908
3932
3900
3905
3907
3905
3908
3904
3900
3905
3901
3897
3902
3926
3905
3899
3900
3905
3901
3902
3906
3899
3907
3901
3901
3903
3908
3920
3903
3912
3924
3900
3908
3927
3925
3904
3904
3930
3902
3907
3903
3900
3925
3900
3907
3908
3911
3898
3902
3902
3911
3901
3908
3906
3920
3897
3903
3902
3923
3902
3905
3904
3914
3901
3901
3925
3903
3920
3913
3901
3899
3932
3905
3906
3919
3899
3923
3916
3926
3913
3910
3927
3901
3911
3906
3902
3914
3911
3904
3902
3898
3903
3901
3898
3930
3932
3913
3901
3902
3911
3903
3911
3903
3908
3908
3900
3897
3927
3900
3905
3900
3909
3916
3891
3902
3896
3900
3900
3894
3923
3905
3906
3913
3913
3909
3906
3903
3900
3902
3925
3937
3909
3910
3931
3901
3902
3901
3902
3906
3912
3917
3899
3901
3905
3921
3900
3900
3897
3910
3906
3907
3897
3899
3916
3907
3914
3900
3915
3905
3901
3913
3910
3913
3923
3902
3898
3899
3909
3906
3919
3904
3903
3903
3907
3902
3905
3898
3905
3905
3903
3896
3902
3919
3902
3901
3903
3930
3898
3903
3899
3904
3898
3898
3904
3911
3918
3900
3900
3924
3909
3923
3917
3921
3903
3908
3902
3898
3899
3923
3909
3929
3915
3900
3901
3904
3905
3900
3946
3902
3907
3922
3914
3903
3912
3910
3924
3899
3900
3907
3902
3898
3905
3924
3899
3925
3913
3902
3909
3911
3905
3902
3903
3909
3923
3908
3918
3905
3906
3911
3908
3904
3898
3902
3913
3908
3909
3900
3899
3901
3905
3902
3900
3908
3906
3907
3928
3898
3901
3906
3890
3928
3908
3907
3902
3911
3908
3900
3902
3903
3923
3930
3924
3934
3904
3904
3921
3922
3907
3899
3926
3904
3903
3900
3905
3902
3897
3906
3917
3899
3900
3906
3903
3910
3917
3924
3902
3931
3897
3902
3911
3914
3920
3908
3915
3905
3911
3903
3915
3939
3899
3903
3890
3908
3902
3897
3899
3904
3905
3917
3906
3902
3903
3905
3909
3914
3905
3932
3907
3899
3919
3905
3901
3908
3905
3904
3901
3932
3910
3900
3903
3926
3904
3915
3904
3902
3901
3904
3906
3907
3907
3913
3903
3903
3903
3904
3909
3910
3908
3907
3923
3904
3905
3902
3901
3903
3907
3910
3913
3905
3928
3908
3908
3906
3904
3900
3921
3901
3907
3926
3920
3919
3907
3900
3914
3922
3917
3903
3915
3903
3903
3901
3899
3906
3921
3909
3911
3905
3908
3904
3907
3915
3897
3913
3938
3905
3899
3927
3915
3904
3905
3908
3908
3904
3903
3901
3904
3913
3908
3903
3909
3905
3926
3896
3908
3901
3921
3911
3903
3902
3894
3918
3912
3915
3901
3905
3916
3901
3914
3905
3900
3920
3909
3899
3931
3903
3897
3931
3906
3911
3918
3930
3905
3908
3898
3901
3911
3902
3904
3897
3900
3914
3910
3909
3909
3905
3909
3911
3912
3903
3923
3903
3925
3906
3900
3908
3902
3933
3899
3928
3923
3900
3906
3904
3900
3909
3907
3911
3901
3925
3914
3906
3902
3903
3901
3906
3924
3930
3940
3900
3902
3898
3903
3908
3910
3906
3904
3912
3902
3902
3901
3904
3905
3903
3902
3904
3900
3906
3910
3905
3903
3897
3904
3898
3905
3903
3902
3902
3898
3906
3904
3909
3903
3903
3940
3929
3927
3910
3902
3916
3906
3907
3936
3918
3908
3899
3898
3903
3899
3902
3912
3908
3900
3907
3916
3932
3911
3904
3907
3901
3911
3908
3931
3911
3903
3914
3912
3904
3901
3910
3904
3904
3910
3902
3901
3928
3900
3913
3903
3905
3905
3920
3902
3915
3913
3900
3910
3898
3907
3922
3903
3908
3907
3928
3905
3914
3925
3899
3910
3903
3908
3904
3912
3903
3915
3915
3899
3899
3905
3903
3906
3914
3901
3905
3936
3898
3898
3915
3904
3901
3904
3902
3904
3911
3924
3915
3924
3908
3899
3910
3906
3903
3902
3918
3903
3923
3897
3921
3905
3913
3900
3903
3901
3902
3907
3908
3904
3922
3921
3903
3920
3921
3901
3907
3909
3904
3898
3914
3897
3917
3900
3903
3916
3905
3903
3908
3911
3905
3913
3911
3907
3913
3908
3908
3900
3909
3910
3906
3905
3928
3904
3907
3900
3897
3909
3913
3924
3904
3904
3902
3895
3901
3903
3911
3896
3912
3898
3918
3905
3904
3902
3905
3900
3910
3920
3910
3903
3912
3916
3900
3908
3906
3909
3902
3916
3932
3922
3923
3905
3902
3915
3899
3902
3908
3903
3912
3900
3911
3904
3905
3912
3907
3906
3905
3902
3902
3903
3901
3911
3907
3899
3912
3901
3913
3937
3922
3905
3899
3902
3903
3916
3898
3897
3905
3932
3915
3904
3901
3921
3899
3906
3907
3927
3910
3915
3908
3912
3905
3931
3902
3912
3903
3905
3899
3903
3902
3927
3901
3904
3904
3905
3913
3909
3905
3904
3900
3907
3902
3904
3919
3912
3903
3923
3911
3902
3907
3903
3908
3931
3912
3902
3905
3901
3903
3906
3902
3904
3915
3913
3903
3908
3902
3903
3912
3908
3904
3932
3904
3912
3903
3906
3915
3909
3900
3904
3905
3929
3909
3917
3909
3916
3903
3901
3911
3902
3899
3925
3905
3899
3910
3913
3906
3909
3930
3924
3918
3906
3904
3905
3907
3907
3900
3901
3903
3901
3899
3916
3902
3905
3909
3904
3905
3914
3902
3915
3928
3904
3911
3911
3913
3922
3899
3905
3901
3902
3905
3909
3906
3905
3906
3899
3902
3914
3901
3932
3909
3904
3905
3900
3904
3901
3907
3902
3899
3923
3908
3907
3903
3916
3926
3906
3903
3913
3906
3903
3901
3909
3912
3904
3901
3907
3901
3901
3901
3904
3908
3922
3916
3905
3913
3906
3930
3902
3903
3905
3907
3902
3902
3908
3917
3902
3903
3931
3931
3901
3904
3905
3935
3901
3900
3901
3909
3904
3927
3930
3928
3903
3900
3915
3901
3904
3902
3904
3902
3904
3906
3903
3902
3929
3907
3912
3913
3905
3900
3924
3906
3914
3901
3933
3906
3906
3904
3904
3918
3927
3903
3901
3902
3900
3893
3931
3926
3932
3907
3904
3907
3907
3906
3904
3909
3908
3903
3907
3904
3904
3902
3931
3917
3908
3907
3910
3916
3914
3906
3901
3910
3933
3926
3901
3907
3926
3931
3909
3901
3909
3903
3910
3905
3908
3921
3918
3901
3899
3899
3907
3909
3911
3902
3913
3903
3898
3908
3929
3908
3912
3900
3905
3923
3924
3901
3935
3904
3925
3930
3908
3910
3911
3925
3907
3916
3913
3897
3903
3901
3915
3904
3893
3915
3908
3903
3907
3903
3919
3904
3907
3903
3904
3899
3910
3905
3915
3905
3926
3906
3911
3910
3922
3905
3906
3903
3906
3897
3931
3895
3902
3902
3900
3904
3908
3901
3902
3900
3917
3924
3906
3929
3904
3911
3920
3901
3900
3910
3900
3902
3909
3897
3937
3905
3895
3907
3904
3900
3902
3902
3922
3907
3907
3908
3905
3908
3903
3918
3912
3904
3899
3916
3908
3922
3913
3910
3902
3902
3919
3906
3924
3898
3896
3906
3909
3902
3905
3900
3927
3909
3899
3903
3914
3917
3901
3904
3902
3911
3902
3906
3902
3929
3905
3908
3889
3907
3929
3907
3905
3906
3901
3911
3904
3928
3901
3905
3915
3908
3906
3906
3903
3923
3902
3915
3909
3908
3905
3923
3905
3905
3911
3915
3903
3908
3910
3907
3927
3915
3930
3934
3911
3902
3948
3929
3905
3933
3917
3908
3911
3907
3901
3910
3908
3914
3901
3902
3905
3909
3900
3913
3907
3901
3905
3901
3903
3914
3906
3898
3915
3923
3903
3908
3906
3903
3906
3901
3907
3897
3903
3902
3908
3903
3921
3902
3908
3908
3906
3913
3914
3906
3919
3908
3918
3910
3908
3913
3909
3902
3902
3899
3905
3928
3910
3917
3912
3909
3905
3902
3907
3931
3917
3909
3911
3898
3905
3913
3910
3925
3914
3903
3911
3914
3905
3900
3902
3913
3914
3904
3907
3909
3897
3903
3907
3897
3906
3902
3933
3917
3904
3914
3904
3915
3908
3938
3899
3905
3921
3919
3912
3902
3903
3910
3903
3911
3904
3928
3903
3908
3922
3910
3922
3930
3908
3913
3904
3920
3906
3901
3902
3903
3908
3905
3923
3905
3902
3909
3905
3893
3905
3906
3904
3902
3928
3909
3901
3898
3922
3924
3912
3905
3903
3909
3912
3907
3903
3914
3909
3913
3900
3907
3917
3916
3906
3912
3910
3905
3925
3903
3923
3907
3906
3914
3916
3903
3908
3908
3903
3909
3920
3904
3911
3904
3944
3902
3905
3904
3941
3899
3910
3907
3908
3903
3901
3907
3902
3900
3905
3911
3903
3909
3906
3903
3908
3920
3901
3904
3906
3916
3915
3924
3896
3918
3908
3911
3924
3904
3922
3902
3899
3909
3920
3905
3891
3900
3910
3909
3910
3913
3905
3909
3916
3902
3906
3900
3901
3933
3908
3924
3901
3932
3927
3903
3912
3887
3907
3899
3908
3897
3899
3902
3915
3911
3906
3901
3906
3910
3895
3906
3903
3909
3902
3911
3928
3903
3905
3906
3921
3911
3906
3905
3901
3899
3916
3909
3901
3904
3932
3901
3904
3923
3899
3897
3900
3903
3904
3920
3908
3901
3906
3912
3902
3905
3923
3901
3904
3915
3904
3903
3934
3905
3900
3910
3903
3930
3906
3899
3905
3903
3902
3904
3904
3901
3906
3917
3908
3908
3906
3907
3904
3908
3900
3900
3898
3908
3903
3902
3905
3916
3919
3903
3904
3930
3909
3898
3912
3916
3905
3902
3900
3918
3899
3919
3907
3903
3904
3908
3913
3900
3896
3902
3924
3919
3901
3899
3921
3900
3899
3905
3928
3898
3933
3912
3903
3900
3900
3903
3900
3899
3902
3902
3911
3907
3908
3905
3908
3911
3907
3911
3897
3909
3903
3910
3927
3898
3903
3898
3898
3913
3909
3911
3901
3898
3917
3919
3899
3933
3902
3910
3903
3900
3904
3904
3904
3930
3918
3905
3901
3899
3904
3931
3901
3927
3904
3902
3905
3912
3905
3901
3898
3900
3911
3918
3908
3907
3901
3903
3904
3902
3903
3909
3902
3899
3916
3895
3900
3900
3911
3904
3920
3898
3916
3914
3897
3907
3898
3933
3901
3901
3908
3918
3899
3908
3889
3908
3900
3911
3904
3922
3905
3893
3902
3918
3921
3925
3903
3926
3916
3905
3920
3904
3891
3900
3908
3918
3902
3913
3910
3905
3901
3907
3908
3916
3900
3901
3904
3915
3901
3904
3925
3910
3906
3905
3914
3922
3902
3906
3898
3902
3898
3909
3907
3915
3901
3901
3898
3933
3905
3901
3908
3930
3929
3903
3906
3924
3916
3944
3901
3907
3905
3916
3900
3914
3907
3904
3907
3912
3902
3903
3907
3903
3919
3906
3920
3900
3941
3917
3901
3905
3927
3913
3900
3908
3901
3900
3909
3905
3907
3915
3903
3919
3903
3912
3903
3914
3910
3899
3903
3899
3932
3905
3904
3907
3903
3902
3925
3901
3904
3902
3907
3919
3917
3913
3908
3910
3925
3899
3900
3904
3921
3916
3904
3920
3910
3907
3902
3908
3904
3923
3908
3910
3914
3927
3904
3902
3907
3901
3902
3907
3919
3909
3920
3899
3909
3899
3900
3925
3905
3919
3907
3911
3911
3905
3921
3914
3904
3898
3922
3900
3904
3908
3901
3908
3903
3908
3906
3923
3903
3907
3924
3903
3905
3905
3921
3898
3903
3900
3891
3901
3901
3905
3901
3908
3933
3897
3922
3905
3909
3899
3919
3903
3903
3927
3903
3908
3919
3915
3908
3922
3900
3908
3899
3900
3907
3929
3900
3901
3912
3920
3905
3918
3918
3924
3914
3898
3920
3900
3904
3902
3908
3905
3909
3901
3930
3906
3902
3905
3901
3905
3908
3903
3917
3913
3912
3904
3898
3925
3900
3917
3899
3915
3909
3908
3900
3898
3904
3937
3904
3903
3900
3913
3900
3902
3902
3905
3907
3910
3908
3901
3924
3905
3908
3916
3902
3923
3902
3915
3904
3908
3897
3905
3895
3901
3915
3903
3900
3904
3902
3901
3910
3904
3905
3902
3915
3901
3944
3899
3902
3902
3909
3907
3910
3899
3900
3905
3902
3901
3904
3911
3907
3905
3914
3907
3902
3910
3913
3904
3911
3924
3901
3908
3922
3910
3915
3905
3902
3907
3901
3907
3908
3908
3907
3902
3900
3914
3904
3927
3915
3904
3915
3909
3906
3909
3906
3932
3916
3908
3903
3900
3912
3916
3907
3917
3901
3902
3907
3915
3903
3910
3902
3905
3933
3922
3901
3903
3901
3904
3902
3899
3915
3904
3910
3906
3907
3898
3900
3900
3916
3896
3897
3904
3910
3902
3908
3908
3901
3911
3921
3903
3914
3918
3912
3901
3889
3905
3900
3910
3899
3903
3902
3904
3908
3910
3921
3913
3902
3906
3896
3908
3897
3924
3904
3914
3903
3910
3923
3914
3928
3901
3910
3921
3904
3913
3923
3903
3905
3928
3908
3904
3901
3944
3900
3899
3903
3901
3897
3906
3901
3918
3905
3920
3901
3944
3906
3914
3910
3901
3923
3902
3901
3904
3909
3899
3908
3900
3905
3900
3899
3902
3906
3918
3913
3919
3901
3914
3942
3903
3908
3902
3898
3903
3906
3896
3912
3912
3908
3922
3899
3901
3900
3894
3919
3898
3904
3901
3906
3925
3901
3904
3909
3910
3909
3924
3901
3916
3898
3900
3900
3900
3898
3919
3909
3912
3905
3915
3901
3902
3901
3906
3902
3901
3900
3903
3902
3906
3909
3900
3910
3902
3900
3904
3900
3910
3911
3901
3898
3917
3911
3899
3902
3909
3913
3904
3901
3900
3902
3899
3902
3899
3901
3900
3925
3902
3930
3905
3901
3921
3908
3902
3900
3917
3903
3897
3899
3914
3899
3907
3898
3934
3929
3902
3894
3902
3928
3928
3903
3898
3904
3898
3911
3896
3908
3935
3902
3909
3899
3903
3915
3903
3903
3925
3896
3900
3904
3906
3899
3904
3896
3919
3904
3899
3892
3901
3907
3912
3904
3906
3899
3944
3902
3903
3905
3905
3901
3926
3921
3910
3923
3901
3920
3916
3904
3901
3897
3905
3901
3908
3912
3903
3902
3905
3902
3912
3903
3900
3909
3901
3907
3900
3903
3913
3901
3898
3899
3922
3900
3909
3901
3901
3906
3898
3901
3911
3923
3908
3898
3901
3892
3907
3899
3899
3915
3901
3916
3914
3900
3896
3918
3901
3897
3900
3897
3904
3905
3900
3899
3908
3909
3922
3902
3896
3902
3891
3912
3900
3918
3900
3903
3913
3907
3904
3929
3909
3902
3909
3916
3904
3904
3897
3905
3896
3899
3901
3899
3927
3899
3923
3908
3904
3902
3901
3902
3904
3899
3899
3909
3904
3914
3906
3906
3919
3904
3900
3908
3923
3904
3899
3901
3901
3903
3918
3897
3910
3901
3904
3900
3906
3913
3905
3903
3901
3915
3904
3912
3909
3910
3919
3928
3904
3900
3925
3904
3905
3904
3920
3917
3899
3911
3901
3899
3919
3895
3901
3903
3907
3921
3911
3898
3902
3899
3911
3903
3901
3905
3900
3921
3930
3905
3903
3909
3915
3906
3932
3908
3900
3907
3899
3910
3899
3898
3901
3900
3903
3911
3903
3924
3910
3926
3901
3899
3897
3908
3905
3903
3908
3914
3904
3903
3908
3900
3906
3918
3895
3928
3905
3919
3900
3907
3896
3897
3911
3911
3905
3902
3900
3910
3929
3898
3905
3898
3928
3908
3912
3903
3904
3901
3912
3896
3900
3903
3913
3895
3906
3899
3912
3896
3918
3906
3899
3908
3907
3902
3911
3904
3901
3895
3901
3926
3901
3933
3901
3913
3909
3905
3907
3899
3916
3915
3915
3906
3922
3901
3908
3903
3909
3908
3895
3904
3908
3906
3902
3904
3900
3907
3902
3929
3911
3903
3910
3898
3940
3902
3903
3910
3912
3904
3900
3911
3922
3901
3911
3916
3905
3918
3900
3904
3902
3906
3907
3910
3905
3898
3904
3902
3921
3902
3905
3924
3902
3915
3902
3938
3909
3901
3923
3903
3908
3903
3905
3900
3904
3910
3928
3901
3902
3906
3898
3902
3913
3935
3886
3901
3900
3903
3928
3928
3905
3915
3905
3909
3902
3899
3901
3901
3909
3899
3899
3911
3900
3932
3899
3918
3917
3918
3914
3906
3902
3903
3901
3905
3903
3906
3933
3908
3931
3909
3909
3902
3919
3914
3905
3902
3899
3909
3911
3913
3899
3909
3905
3900
3915
3902
3905
3910
3903
3901
3913
3908
3905
3901
3914
3905
3916
3900
3902
3917
3902
3903
3917
3899
3913
3898
3911
3901
3921
3903
3903
3898
3915
3903
3914
3889
3908
3904
3903
3904
3907
3903
3908
3901
3913
3913
3901
3908
3901
3932
3913
3901
3915
3899
3901
3909
3903
3907
3910
3900
3913
3903
3915
3897
3919
3901
3912
3901
3907
3910
3899
3900
3897
3909
3907
3903
3905
3901
3900
3914
3907
3910
3916
3916
3899
3902
3905
3903
3900
3905
3899
3903
3907
3909
3899
3902
3901
3901
3899
3901
3898
3906
3913
3911
3925
3910
3915
3909
3910
3909
3926
3909
3903
3905
3923
3918
3913
3917
3915
3906
3906
3904
3900
3913
3901
3903
3904
3913
3941