
17
0
24
11
14
10
16
12
0
6
0
26
10
9
7
16
26
8
13
5
8
30
9
20
0
0
11
8
6
7
13
5
1
15
27
6
10
7
11
6
7
9
0
10
5
12
25
0
9
8
39
13
6
6
32
9
12
7
6
8
10
30
0
6
3
11
8
3
7
0
10
17
6
0
19
9
11
10
0
2
7
2
11
8
3
6
11
11
6
5
6
18
8
3
9
10
0
4
15
11
8
11
35
9
17
0
49
0
12
8
11
17
13
12
29
25
0
8
12
9
8
4
12
15
6
26
30
7
18
11
9
27
8
5
0
7
7
9
15
10
8
11
7
9
9
6
0
0
9
6
0
17
12
17
4
8
0
1
8
0
11
12
11
16
18
9
14
30
8
11
0
0
7
20
0
0
12
15
7
15
8
9
33
9
10
10
15
10
9
0
11
18
7
11
7
13
6
34
10
8
33
9
3
16
0
8
0
36
18
31
0
31
31
6
7
11
12
38
9
5
7
10
8
0
0
7
15
3
7
8
6
5
9
9
28
7
10
11
8
0
11
9
14
10
9
9
14
7
15
1
0
15
0
13
0
0
11
0
8
10
0
10
6
16
3
17
0
14
10
15
26
16
6
0
12
9
5
8
2
9
8
0
8
7
12
3
9
13
15
10
4
4
10
11
6
9
8
9
7
26
7
15
29
8
0
8
8
1
6
8
3
13
0
7
10
12
11
28
16
9
4
42
4
27
12
7
10
4
8
15
24
6
32
30
9
0
18
10
7
14
2
18
19
4
10
23
9
0
0
11
0
12
43
14
33
11
6
6
17
9
15
11
23
1
9
9
0
11
6
10
0
27
21
7
8
11
9
0
12
13
8
46
12
11
9
0
18
18
7
10
3
0
12
2
16
11
15
9
10
9
11
18
7
2
0
14
10
11
8
8
18
11
4
7
10
18
7
12
6
0
10
10
9
10
9
10
32
7
13
9
4
12
6
9
7
8
7
34
9
11
10
0
6
7
9
9
12
7
20
5
6
0
10
10
0
18
2
9
12
9
32
9
34
10
8
11
32
2
21
0
7
10
12
30
8
4
9
7
13
7
10
9
16
24
0
35
9
9
8
8
4
4
12
35
2
17
12
0
3
0
5
10
0
5
9
8
16
0
6
0
18
1
5
10
0
24
13
13
6
6
10
10
4
0
7
41
53
16
16
10
8
14
0
0
10
13
14
8
0
9
16
5
35
5
62
10
6
15
11
32
29
21
9
10
11
16
14
10
7
26
4
16
8
15
14
12
10
32
12
9
35
0
3
14
7
8
9
8
7
0
10
12
6
10
19
6
5
34
9
10
4
5
6
6
0
7
17
20
8
8
3
0
14
5
6
27
25
8
7
0
11
12
3
17
60
33
9
9
9
10
10
8
13
14
19
9
34
12
10
9
7
10
1
0
7
23
11
13
8
4
19
29
10
2
4
37
1
0
9
6
8
12
4
9
17
10
9
6
10
28
12
0
0
13
13
0
5
7
11
0
19
6
9
11
9
0
0
11
0
13
6
3
0
9
12
5
16
11
6
18
5
10
5
8
10
0
13
32
1
10
5
8
11
7
8
6
32
0
17
11
9
7
7
12
0
25
6
32
13
3
8
11
8
8
10
21
13
7
8
8
25
0
5
10
8
12
9
13
9
3
20
14
6
12
8
7
13
89
185
269
399
480
570
655
752
834
936
1027
1128
1234
1324
1434
1516
1627
1730
1802
1917
1973
2052
2131
2193
2278
2315
2380
2441
2484
2532
2583
2625
2673
2707
2753
2787
2832
2848
2877
2910
2941
2964
2985
3012
3043
3064
3097
3094
3129
3131
3143
3158
3178
3191
3204
3225
3225
3251
3257
3293
3277
3290
3304
3298
3307
3332
3345
3342
3341
3349
3390
3385
3373
3380
3382
3384
3387
3399
3400
3437
3414
3448
3416
3430
3432
3435
3453
3439
3451
3448
3453
3450
3452
3469
3462
3462
3460
3484
3475
3469
3474
3474
3495
3480
3503
3481
3483
3486
3488
3490
3508
3495
3492
3516
3501
3505
3505
3504
3510
3517
3515
3516
3513
3513
3514
3527
3525
3549
3521
3525
3533
3521
3526
3529
3526
3536
3536
3526
3538
3533
3538
3560
3532
3547
3540
3561
3551
3541
3546
3545
3554
3550
3545
3547
3548
3559
3557
3548
3556
3554
3565
3556
3555
3564
3556
3566
3557
3557
3556
3561
3547
3577
3560
3564
3570
3575
3558
3578
3583
3571
3570
3564
3577
3581
3570
3574
3580
3585
3600
3577
3580
3589
3572
3579
3585
3580
3579
3584
3578
3592
3592
3583
3580
3589
3605
3591
3588
3600
3593
3586
3606
3605
3595
3591
3593
3594
3598
3605
3596
3620
3599
3619
3609
3618
3603
3611
3612
3632
3608
3605
3607
3602
3603
3620
3611
3610
3611
3604
3609
3619
3615
3612
3601
3611
3607
3607
3614
3618
3616
3613
3613
3612
3613
3635
3615
3619
3620
3615
3623
3623
3617
3620
3621
3617
3619
3614
3635
3627
3622
3618
3625
3630
3618
3643
3625
3627
3627
3625
3653
3631
3648
3636
3632
3629
3628
3641
3663
3634
3639
3628
3631
3628
3632
3640
3632
3639
3636
3635
3642
3639
3652
3652
3634
3640
3643
3661
3638
3638
3639
3638
3664
3636
3639
3650
3642
3643
3637
3640
3652
3659
3646
3663
3646
3642
3647
3645
3653
3643
3648
3673
3650
3663
3638
3652
3648
3648
3649
3648
3653
3646
3649
3655
3655
3666
3638
3684
3659
3660
3650
3657
3651
3675
3658
3657
3659
3655
3655
3677
3646
3659
3657
3654
3677
3666
3663
3658
3660
3665
3706
3667
3662
3667
3666
3687
3680
3669
3665
3662
3662
3697
3672
3667
3665
3670
3671
3667
3670
3667
3667
3666
3695
3668
3674
3669
3671
3668
3671
3668
3688
3694
3687
3676
3669
3667
3669
3676
3686
3703
3672
3684
3675
3676
3672
3677
3688
3675
3675
3675
3679
3698
3708
3680
3674
3679
3680
3694
3686
3694
3680
3681
3690
3678
3678
3679
3683
3676
3682
3685
3689
3685
3684
3670
3687
3683
3689
3683
3685
3683
3687
3688
3706
3684
3692
3686
3708
3689
3689
3686
3704
3709
3692
3684
3689
3694
3692
3694
3686
3688
3695
3692
3696
3696
3722
3699
3690
3692
3692
3686
3693
3694
3696
3696
3690
3696
3692
3698
3695
3698
3693
3698
3693
3703
3708
3693
3705
3703
3700
3698
3700
3710
3702
3689
3697
3703
3713
3704
3706
3701
3699
3714
3702
3701
3704
3714
3702
3703
3720
3716
3714
3730
3745
3699
3704
3713
3705
3722
3707
3723
3703
3711
3704
3699
3701
3736
3705
3730
3712
3710
3704
3710
3718
3696
3709
3715
3720
3714
3742
3707
3710
3735
3707
3708
3707
3712
3714
3737
3730
3724
3727
3709
3717
3714
3727
3715
3715
3708
3720
3730
3721
3714
3713
3715
3721
3736
3740
3746
3720
3718
3719
3718
3732
3715
3723
3729
3718
3716
3732
3712
3725
3719
3743
3726
3733
3727
3721
3728
3731
3734
3722
3723
3722
3723
3721
3722
3732
3737
3731
3722
3721
3729
3738
3721
3729
3726
3727
3728
3743
3726
3727
3726
3743
3725
3745
3724
3731
3731
3738
3733
3748
3725
3717
3747
3732
3727
3729
3731
3734
3729
3742
3730
3729
3739
3736
3729
3737
3735
3735
3753
3754
3757
3758
3740
3730
3732
3750
3750
3747
3732
3755
3729
3735
3737
3726
3736
3740
3732
3737
3747
3736
3740
3747
3745
3750
3754
3759
3734
3741
3734
3740
3749
3741
3742
3733
3739
3739
3744
3735
3733
3740
3752
3736
3740
3748
3740
3747
3754
3741
3743
3768
3740
3748
3759
3745
3741
3744
3742
3746
3747
3750
3769
3767
3758
3742
3767
3743
3737
3756
3770
3749
3741
3756
3742
3758
3747
3757
3748
3743
3775
3743
3748
3751
3750
3746
3761
3750
3745
3746
3751
3757
3745
3773
3750
3746
3752
3757
3769
3749
3747
3747
3749
3747
3775
3745
3746
3751
3752
3771
3751
3749
3752
3752
3747
3765
3769
3742
3759
3751
3764
3765
3762
3766
3774
3782
3756
3776
3751
3751
3751
3751
3751
3769
3770
3759
3760
3753
3756
3765
3769
3757
3768
3754
3769
3756
3760
3755
3782
3756
3760
3773
3770
3771
3758
3756
3779
3760
3776
3769
3758
3758
3760
3774
3759
3767
3759
3775
3759
3780
3748
3766
3758
3775
3761
3757
3756
3772
3767
3792
3758
3788
3762
3765
3760
3783
3764
3767
3784
3762
3765
3760
3763
3762
3774
3768
3778
3760
3773
3780
3789
3760
3764
3789
3780
3761
3764
3766
3792
3765
3765
3794
3767
3775
3760
3785
3777
3775
3790
3773
3763
3793
3763
3777
3765
3771
3772
3768
3786
3780
3778
3801
3779
3770
3781
3771
3776
3774
3795
3767
3767
3769
3774
3771
3777
3781
3779
3752
3770
3769
3768
3784
3768
3768
3765
3775
3771
3772
3775
3779
3786
3774
3780
3801
3782
3776
3772
3778
3772
3778
3773
3807
3772
3782
3771
3777
3774
3779
3776
3800
3763
3784
3772
3774
3776
3774
3775
3777
3790
3776
3799
3777
3771
3787
3778
3792
3774
3774
3779
3773
3784
3785
3777
3779
3778
3792
3778
3781
3777
3780
3785
3778
3779
3797
3776
3776
3774
3776
3777
3781
3782
3780
3774
3779
3813
3781
3781
3776
3784
3796
3789
3810
3810
3798
3782
3778
3777
3786
3766
3777
3782
3799
3780
3783
3783
3802
3810
3796
3791
3782
3792
3791
3814
3796
3792
3812
3789
3782
3783
3787
3782
3787
3781
3784
3788
3781
3787
3788
3791
3809
3784
3789
3810
3815
3810
3788
3785
3812
3786
3788
3786
3793
3791
3784
3791
3786
3790
3793
3806
3782
3790
3791
3823
3789
3785
3811
3801
3790
3796
3792
3789
3797
3806
3788
3787
3792
3789
3789
3808
3800
3790
3791
3808
3795
3801
3797
3799
3806
3791
3798
3815
3816
3790
3795
3831
3812
3794
3790
3796
3804
3788
3793
3795
3799
3794
3809
3806
3805
3819
3815
3810
3791
3792
3793
3793
3801
3814
3793
3799
3795
3799
3795
3825
3824
3801
3793
3796
3794
3796
3814
3798
3792
3794
3798
3804
3826
3795
3799
3801
3798
3813
3801
3799
3803
3795
3799
3805
3802
3803
3805
3800
3829
3798
3807
3795
3798
3800
3803
3838
3796
3795
3837
3799
3817
3803
3796
3798
3801
3796
3797
3804
3801
3820
3801
3804
3801
3802
3800
3796
3801
3807
3806
3802
3798
3800
3805
3806
3801
3820
3810
3798
3800
3803
3805
3805
3797
3802
3798
3801
3840
3802
3798
3798
3808
3803
3807
3790
3805
3802
3828
3805
3802
3810
3801
3801
3800
3806
3803
3803
3811
3812
3815
3810
3805
3804
3805
3802
3826
3810
3803
3807
3805
3811
3804
3803
3807
3814
3816
3807
3807
3809
3805
3811
3809
3812
3810
3807
3822
3806
3808
3811
3813
3799
3807
3803
3810
3811
3802
3808
3811
3809
3809
3804
3790
3814
3811
3808
3809
3807
3810
3824
3817
3828
3818
3814
3816
3824
3824
3807
3816
3810
3810
3806
3830
3809
3810
3825
3811
3814
3828
3809
3809
3808
3815
3814
3821
3807
3811
3808
3837
3814
3811
3817
3818
3817
3814
3811
3813
3832
3832
3825
3827
3814
3826
3815
3813
3813
3812
3822
3813
3810
3814
3819
3821
3818
3815
3829
3813
3819
3815
3844
3812
3832
3837
3825
3829
3818
3830
3819
3848
3817
3818
3812
3815
3816
3810
3818
3820
3825
3818
3834
3822
3819
3819
3816
3827
3814
3797
3820
3846
3839
3811
3816
3813
3814
3839
3839
3821
3816
3818
3825
3819
3814
3837
3842
3834
3820
3826
3829
3820
3811
3819
3818
3819
3816
3825
3820
3826
3821
3817
3821
3818
3822
3823
3816
3823
3833
3820
3821
3831
3816
3819
3813
3817
3819
3851
3819
3820
3831
3859
3819
3818
3825
3823
3826
3830
3828
3825
3822
3823
3818
3845
3823
3823
3836
3821
3851
3829
3818
3823
3816
3822
3831
3838
3828
3822
3839
3826
3820
3820
3823
3819
3824
3819
3821
3819
3819
3821
3830
3836
3833
3832
3847
3830
3819
3822
3823
3829
3819
3821
3832
3824
3833
3838
3827
3822
3836
3824
3823
3821
3838
3821
3827
3826
3837
3830
3850
3824
3823
3822
3832
3819
3844
3834
3839
3845
3821
3826
3818
3822
3830
3820
3830
3828
3824
3820
3832
3826
3834
3822
3850
3853
3823
3829
3826
3838
3844
3825
3821
3828
3824
3811
3826
3826
3827
3829
3833
3824
3852
3829
3827
3827
3828
3834
3832
3831
3822
3854
3826
3826
3838
3835
3827
3827
3827
3829
3847
3836
3830
3839
3827
3826
3832
3828
3852
3841
3831
3832
3840
3831
3830
3839
3843
3842
3833
3846
3829
3830
3836
3824
3832
3848
3834
3859
3831
3830
3834
3834
3832
3831
3838
3841
3830
3831
3842
3832
3838
3837
3824
3829
3835
3831
3845
3840
3829
3831
3831
3845
3829
3840
3838
3834
3834
3836
3842
3828
3835
3861
3837
3833
3830
3844
3843
3832
3853
3833
3846
3843
3842
3833
3831
3842
3845
3834
3840
3836
3838
3834
3837
3836
3839
3837
3837
3852
3832
3842
3841
3841
3829
3837
3827
3832
3835
3835
3834
3855
3846
3838
3832
3860
3862
3854
3838
3843
3850
3838
3844
3842
3837
3849
3843
3837
3862
3854
3853
3840
3849
3834
3840
3838
3848
3869
3838
3834
3835
3852
3842
3835
3840
3841
3848
3847
3836
3841
3842
3836
3867
3839
3842
3849
3839
3838
3840
3839
3839
3839
3871
3851
3848
3837
3837
3838
3847
3846
3838
3838
3842
3863
3842
3838
3838
3842
3841
3840
3846
3842
3839
3866
3833
3852
3840
3865
3836
3838
3850
3849
3845
3846
3857
3838
3847
3856
3847
3839
3838
3841
3843
3845
3857
3846
3856
3839
3866
3850
3872
3854
3855
3869
3837
3844
3850
3844
3846
3848
3846
3850
3843
3856
3839
3840
3842
3847
3847
3856
3841
3844
3850
3851
3842
3861
3848
3842
3845
3849
3873
3855
3845
3842
3844
3859
3844
3847
3848
3843
3848
3848
3841
3842
3864
3841
3841
3845
3844
3839
3843
3840
3845
3849
3848
3847
3851
3849
3846
3849
3861
3845
3846
3842
3846
3865
3862
3843
3847
3845
3842
3841
3849
3856
3855
3843
3850
3856
3848
3848
3848
3866
3847
3848
3862
3851
3860
3849
3856
3850
3852
3847
3859
3854
3879
3842
3863
3852
3840
3882
3852
3849
3845
3851
3849
3851
3855
3853
3864
3875
3855
3843
3845
3862
3880
3853
3852
3851
3843
3845
3845
3846
3868
3850
3847
3847
3851
3869
3854
3849
3842
3851
3864
3849
3852
3847
3853
3845
3855
3844
3862
3852
3846
3838
3848
3846
3866
3851
3852
3845
3848
3854
3844
3853
3850
3855
3850
3848
3857
3854
3854
3876
3862
3880
3858
3852
3854
3851
3849
3849
3849
3862
3848
3849
3870
3849
3853
3859
3849
3849
3859
3867
3869
3852
3854
3853
3836
3851
3853
3856
3883
3856
3850
3854
3856
3854
3884
3874
3853
3850
3859
3856
3853
3862
3874
3858
3860
3856
3854
3865
3867
3851
3863
3858
3853
3856
3855
3876
3854
3854
3848
3876
3867
3857
3847
3855
3850
3868
3880
3860
3860
3879
3852
3850
3855
3862
3851
3853
3851
3857
3856
3856
3852
3854
3861
3850
3856
3856
3860
3858
3857
3860
3857
3847
3848
3857
3861
3850
3855
3860
3850
3879
3853
3870
3855
3853
3854
3883
3853
3852
3856
3851
3872
3857
3854
3857
3855
3857
3856
3861
3879
3855
3856
3871
3877
3850
3860
3862
3853
3862
3863
3853
3865
3847
3852
3857
3877
3878
3851
3854
3869
3856
3846
3868
3861
3860
3854
3855
3872
3883
3867
3856
3877
3873
3857
3871
3870
3855
3895
3873
3875
3890
3865
3859
3871
3862
3854
3855
3857
3874
3859
3880
3854
3857
3874
3864
3868
3860
3856
3864
3855
3859
3859
3857
3885
3864
3858
3858
3858
3856
3859
3865
3865
3863
3852
3857
3862
3875
3854
3866
3855
3866
3872
3866
3858
3875
3875
3857
3859
3859
3855
3860
3857
3864
3858
3866
3883
3872
3870
3861
3870
3863
3863
3866
3859
3860
3859
3854
3874
3860
3872
3862
3862
3869
3857
3863
3857
3884
3865
3878
3857
3858
3862
3858
3865
3860
3864
3860
3866
3862
3854
3874
3885
3859
3888
3859
3877
3867
3864
3862
3860
3856
3883
3865
3875
3874
3860
3871
3871
3859
3864
3855
3862
3861
3863
3873
3872
3859
3858
3881
3864
3869
3891
3862
3861
3898
3861
3856
3868
3864
3877
3868
3866
3876
3875
3859
3863
3862
3859
3866
3864
3864
3868
3861
3867
3863
3865
3862
3899
3862
3890
3866
3866
3868
3866
3860
3862
3863
3865
3864
3861
3862
3860
3873
3893
3862
3881
3865
3858
3876
3878
3863
3886
3870
3883
3897
3865
3865
3864
3878
3868
3863
3865
3864
3873
3867
3865
3862
3863
3863
3870
3866
3871
3868
3866
3867
3891
3879
3872
3861
3894
3857
3861
3870
3865
3874
3872
3872
3868
3873
3876
3895
3864
3863
3871
3863
3867
3874
3867
3862
3867
3876
3887
3873
3871
3865
3868
3870
3869
3859
3884
3864
3865
3888
3870
3885
3863
3873
3862
3887
3882
3870
3870
3889
3883
3864
3866
3868
3871
3879
3875
3854
3888
3869
3887
3880
3900
3869
3878
3870
3873
3870
3864
3871
3878
3864
3894
3868
3867
3871
3871
3865
3872
3876
3890
3862
3868
3890
3879
3876
3879
3868
3885
3861
3870
3864
3877
3869
3878
3893
3885
3865
3876
3872
3910
3868
3866
3867
3878
3871
3873
3869
3875
3867
3867
3885
3877
3878
3870
3870
3894
3870
3873
3867
3874
3888
3869
3871
3877
3868
3877
3908
3872
3881
3877
3875
3873
3866
3876
3869
3875
3872
3868
3869
3868
3883
3863
3898
3878
3873
3869
3878
3870
3870
3873
3898
3869
3867
3867
3887
3876
3880
3865
3872
3886
3875
3874
3873
3870
3871
3886
3866
3873
3881
3871
3873
3872
3866
3874
3898
3900
3871
3868
3886
3871
3864
3869
3867
3866
3883
3865
3879
3896
3870
3875
3876
3883
3859
3877
3890
3889
3880
3875
3866
3876
3894
3866
3878
3877
3867
3871
3914
3876
3882
3870
3873
3870
3871
3870
3889
3877
3868
3867
3870
3870
3868
3878
3876
3897
3875
3872
3875
3879
3878
3874
3872
3870
3870
3904
3877
3872
3905
3873
3874
3870
3881
3878
3871
3872
3871
3871
3873
3887
3868
3872
3895
3876
3886
3878
3900
3878
3874
3878
3872
3873
3889
3894
3880
3874
3874
3878
3881
3877
3883
3882
3881
3872
3874
3872
3882
3900
3882
3879
3875
3875
3892
3904
3880
3877
3871
3896
3871
3870
3876
3888
3872
3884
3877
3877
3880
3876
3873
3879
3883
3879
3878
3872
3879
3880
3874
3879
3875
3881
3879
3874
3871
3875
3876
3883
3869
3875
3903
3893
3877
3878
3879
3877
3888
3878
3887
3872
3877
3879
3886
3875
3877
3883
3860
3906
3873
3876
3869
3907
3871
3876
3876
3889
3879
3878
3877
3889
3884
3881
3871
3875
3878
3877
3893
3874
3871
3881
3872
3882
3876
3875
3873
3879
3883
3871
3884
3873
3896
3907
3871
3874
3873
3902
3875
3901
3888
3875
3878
3880
3883
3874
3878
3874
3894
3888
3877
3887
3875
3884
3877
3901
3871
3902
3877
3873
3877
3874
3886
3890
3884
3903
3875
3877
3874
3877
3882
3879
3875
3872
3882
3877
3873
3874
3877
3887
3876
3884
3877
3880
3884
3874
3881
3873
3875
3874
3878
3893
3876
3894
3873
3881
3872
3890
3879
3878
3878
3872
3884
3876
3894
3877
3903
3899
3875
3892
3881
3878
3883
3878
3880
3905
3878
3884
3880
3879
3878
3875
3875
3879
3882
3880
3880
3876
3889
3879
3883
3891
3878
3875
3877
3882
3879
3899
3891
3890
3878
3887
3875
3879
3909
3890
3879
3880
3881
3888
3904
3908
3881
3876
3888
3887
3878
3882
3882
3890
3877
3876
3886
3884
3877
3877
3884
3899
3883
3877
3871
3883
3882
3883
3881
3894
3919
3886
3902
3882
3877
3878
3896
3873
3880
3884
3884
3888
3880
3878
3885
3886
3883
3897
3880
3879
3894
3893
3910
3879
3879
3878
3881
3885
3897
3897
3878
3894
3882
3888
3878
3881
3883
3878
3882
3884
3887
3879
3885
3882
3880
3908
3885
3875
3908
3885
3878
3895
3888
3889
3904
3877
3882
3884
3895
3890
3884
3889
3880
3883
3883
3894
3880
3880
3909
3883
3892
3882
3883
3878
3879
3885
3876
3879
3881
3884
3878
3888
3879
3882
3878
3877
3880
3872
3877
3888
3885
3882
3880
3892
3878
3902
3906
3894
3884
3877
3882
3888
3879
3882
3879
3875
3886
3877
3890
3875
3883
3872
3884
3888
3882
3885
3886
3883
3882
3882
3894
3886
3881
3881
3876
3875
3880
3885
3878
3880
3882
3889
3880
3902
3882
3883
3882
3883
3882
3885
3881
3895
3879
3895
3882
3897
3883
3884
3885
3901
3874
3882
3898
3886
3885
3906
3878
3870
3902
3880
3879
3880
3895
3871
3878
3883
3883
3888
3880
3902
3908
3882
3885
3883
3879
3880
3870
3879
3896
3878
3875
3880
3886
3883
3889
3885
3903
3879
3884
3900
3883
3896
3884
3885
3899
3881
3886
3878
3901
3877
3898
3883
3884
3885
3877
3887
3879
3885
3888
3883
3883
3881
3891
3880
3895
3900
3883
3878
3904
3906
3906
3889
3881
3892
3897
3883
3885
3896
3879
3881
3887
3893
3889
3886
3919
3881
3898
3897
3897
3885
3886
3890
3882
3892
3883
3904
3883
3889
3891
3885
3888
3890
3896
3888
3883
3883
3881
3908
3882
3911
3870
3882
3895
3911
3889
3885
3879
3921
3883
3884
3885
3878
3903
3883
3883
3899
3884
3884
3879
3884
3884
3883
3907
3906
3887
3886
3884
3905
3894
3904
3897
3885
3888
3884
3896
3884
3881
3887
3896
3879
3893
3881
3903
3889
3886
3886
3881
3892
3882
3887
3883
3883
3918
3885
3890
3885
3911
3886
3913
3899
3886
3886
3885
3894
3888
3885
3894
3892
3909
3884
3883
3900
3896
3881
3889
3883
3883
3888
3892
3926
3878
3914
3887
3886
3888
3890
3888
3888
3890
3891
3886
3889
3882
3882
3891
3918
3884
3890
3884
3891
3883
3891
3885
3880
3885
3888
3890
3887
3880
3903
3883
3871
3879
3882
3902
3893
3883
3895
3884
3895
3890
3887
3880
3904
3889
3891
3886
3891
3894
3907
3896
3899
3889
3880
3888
3870
3882
3882
3915
3889
3893
3901
3890
3889
3886
3882
3897
3890
3888
3889
3884
3882
3904
3903
3898
3888
3887
3885
3888
3882
3893
3882
3888
3889
3885
3891
3902
3895
3892
3895
3886
3884
3889
3905
3889
3889
3900
3886
3886
3883
3885
3889
3894
3884
3889
3889
3890
3889
3890
3914
3888
3883
3890
3898
3885
3892
3888
3899
3890
3886
3882
3886
3886
3886
3881
3896
3912
3900
3891
3888
3885
3891
3883
3888
3884
3894
3886
3887
3899
3889
3888
3889
3886
3896
3885
3884
3889
3883
3897
3884
3894
3884
3888
3893
3889
3918
3885
3893
3886
3888
3884
3890
3887
3887
3885
3889
3886
3883
3929
3898
3889
3882
3885
3867
3886
3897
3886
3890
3899
3895
3898
3886
3895
3884
3920
3890
3889
3886
3883
3900
3910
3887
3885
3886
3895
3882
3887
3906
3891
3893
3892
3893
3885
3888
3884
3889
3887
3908
3912
3889
3891
3887
3883
3888
3894
3907
3889
3890
3894
3891
3889
3889
3887
3884
3913
3888
3892
3897
3883
3883
3893
3877
3888
3888
3885
3900
3892
3893
3887
3899
3890
3894
3905
3889
3884
3885
3908
3887
3892
3886
3888
3890
3886
3885
3891
3886
3886
3885
3916
3891
3903
3884
3887
3892
3911
3892
3910
3889
3918
3891
3887
3889
3891
3890
3888
3890
3878
3892
3895
3890
3890
3888
3893
3899
3890
3890
3888
3890
3891
3888
3891
3890
3888
3888
3890
3892
3895
3888
3888
3889
3891
3890
3892
3912
3894
3883
3894
3890
3894
3889
3902
3887
3892
3888
3889
3915
3912
3885
3889
3887
3892
3894
3890
3895
3884
3885
3884
3894
3911
3889
3890
3902
3891
3888
3886
3887
3903
3889
3889
3897
3889
3892
3890
3922
3889
3890
3928
3884
3893
3893
3888
3899
3883
3887
3884
3893
3897
3888
3892
3890
3895
3901
3893
3910
3887
3904
3891
3891
3889
3890
3893
3921
3888
3895
3896
3895
3891
3904
3892
3891
3894
3897
3884
3888
3918
3891
3889
3898
3901
3917
3907
3888
3926
3890
3912
3886
3893
3908
3889
3890
3890
3896
3895
3895
3907
3909
3889
3891
3890
3897
3897
3889
3892
3891
3890
3889
3893
3889
3903
3890
3899
3887
3890
3876
3891
3891
3891
3881
3891
3893
3913
3890
3907
3894
3891
3901
3890
3902
3912
3886
3889
3903
3888
3897
3907
3888
3891
3889
3888
3921
3891
3916
3896
3911
3894
3894
3884
3895
3895
3901
3915
3887
3888
3920
3890
3892
3889
3890
3903
3906
3893
3884
3907
3911
3895
3891
3891
3890
3908
3888
3900
3890
3922
3894
3886
3886
3896
3892
3900
3893
3889
3891
3890
3892
3907
3890
3895
3889
3889
3898
3903
3890
3890
3895
3891
3895
3917
3909
3898
3893
3899
3892
3892
3897
3902
3916
3908
3894
3896
3923
3892
3901
3894
3890
3900
3894
3899
3892
3887
3893
3890
3893
3899
3924
3891
3892
3895
3897
3898
3893
3903
3894
3897
3891
3901
3901
3895
3901
3893
3888
3889
3910
3890
3893
3898
3889
3898
3911
3891
3894
3892
3897
3900
3893
3888
3890
3899
3907
3888
3892
3907
3905
3891
3895
3894
3895
3887
3900
3894
3896
3895
3920
3893
3890
3892
3890
3916
3894
3889
3889
3895
3915
3893
3900
3891
3894
3903
3922
3902
3909
3904
3894
3901
3900
3895
3895
3916
3896
3901
3924
3891
3896
3892
3895
3894
3887
3906
3899
3896
3914
3891
3892
3900
3898
3890
3895
3895
3894
3895
3899
3900
3893
3898
3894
3908
3894
3889
3904
3896
3891
3893
3890
3899
3894
3893
3893
3898
3895
3893
3898
3892
3892
3898
3895
3905
3917
3896
3908
3894
3891
3907
3895
3892
3900
3895
3904
3895
3898
3917
3896
3896
3901
3900
3895
3896
3896
3926
3922
3885
3908
3892
3900
3923
3902
3897
3923
3895
3905
3896
3891
3897
3896
3890
3894
3897
3889
3893
3894
3895
3894
3892
3894
3892
3893
3895
3922
3893
3896
3929
3902
3922
3893
3893
3892
3917
3898
3897
3897
3903
3896
3900
3897
3924
3889
3902
3894
3894
3888
3903
3895
3898
3906
3909
3892
3898
3889
3883
3891
3895
3892
3888
3896
3897
3903
3894
3882
3898
3890
3923
3930
3899
3900
3898
3916
3890
3909
3898
3926
3903
3920
3907
3913
3893
3895
3909
3891
3892
3896
3903
3897
3895
3901
3884
3898
3901
3911
3895
3891
3896
3904
3902
3894
3905
3898
3891
3901
3890
3890
3897
3897
3893
3917
3893
3894
3894
3922
3898
3906
3898
3891
3894
3896
3899
3894
3917
3892
3893
3902
3896
3904
3893
3889
3905
3898
3926
3896
3892
3901
3905
3908
3898
3894
3897
3899
3893
3890
3891
3908
3899
3889
3902
3894
3915
3902
3895
3903
3905
3903
3899
3923
3898
3897
3908
3909
3898
3896
3898
3908
3903
3895
3900
3907
3897
3889
3906
3908
3892
3917
3941
3897
3896
3901
3894
3899
3897
3893
3896
3903
3918
3905
3891
3903
3893
3902
3893
3901
3908
3892
3896
3892
3896
3898
3895
3892
3897
3896
3918
3898
3903
3896
3893
3897
3894
3909
3905
3899
3909
3907
3891
3900
3891
3897
3924
3895
3897
3910
3895
3893
3891
3900
3907
3896
3891
3908
3921
3894
3926
3897
3897
3892
3896
3895
3889
3898
3907
3899
3914
3896
3904
3909
3894
3903
3901
3909
3916
3895
3897
3904
3898
3923
3897
3917
3892
3897
3896
3899
3894
3897
3897
3886
3914
3898
3893
3891
3897
3912
3898
3898
3907
3893
3922
3902
3909
3896
3913
3892
3896
3894
3899
3894
3894
3899
3924
3902
3905
3894
3896
3893
3892
3898
3898
3900
3894
3887
3916
3896
3903
3899
3898
3900
3898
3908
3906
3893
3890
3895
3896
3896
3894
3894
3895
3897
3908
3899
3901
3892
3908
3916
3890
3917
3889
3898
3894
3897
3893
3898
3906
3901
3901
3897
3898
3921
3893
3905
3894
3896
3900
3896
3915
3898
3919
3900
3893
3895
3903
3903
3901
3935
3890
3894
3897
3914
3907
3895
3894
3915
3899
3894
3899
3891
3895
3902
3903
3904
3903
3900
3905
3912
3896
3922
3880
3893
3897
3908
3899
3904
3897
3892
3899
3901
3891
3902
3901
3896
3902
3923
3896
3898
3893
3895
3913
3907
3902
3905
3903
3898
3901
3936
3891
3895
3893
3894
3892
3927
3916
3897
3910
3901
3910
3895
3904
3899
3893
3922
3894
3897
3896
3911
3901
3905
3896
3924
3897
3901
3898
3892
3900
3903
3896
3896
3902
3900
3890
3912
3902
3928
3900
3893
3901
3894
3899
3902
3903
3901
3893
3911
3895
3913
3900
3905
3901
3927
3896
3901
3921
3894
3914
3915
3898
3908
3918
3924
3913
3900
3896
3900
3896
3895
3900
3906
3897
3903
3895
3899
3911
3896
3900
3907
3895
3904
3899
3897
3898
3903
3909
3906
3899
3900
3897
3901
3899
3892
3903
3893
3902
3895
3893
3898
3897
3893
3899
3897
3895
3898
3914
3903
3915
3897
3902
3897
3897
3933
3896
3891
3895
3899
3903
3906
3897
3902
3897
3895
3901
3899
3902
3894
3911
3898
3901
3913
3916
3902
3905
3893
3901
3910
3892
3899
3905
3888
3905
3897
3902
3922
3905
3916
3907
3903
3903
3926
3913
3892
3899
3910
3925
3901
3893
3894
3895
3896
3897
3899
3881
3900
3901
3896
3917
3901
3896
3896
3898
3918
3915
3899
3927
3895
3900
3896
3891
3895
3905
3895
3905
3903
3907
3900
3896
3931
3895
3911
3908
3907
3898
3903
3912
3895
3915
3899
3900
3924
3893
3905
3896
3903
3903
3915
3910
3926
3893
3898
3917
3907
3917
3916
3904
3900
3908
3897
3899
3897
3906
3896
3897
3893
3915
3895
3900
3915
3907
3903
3897
3894
3899
3896
3894
3899
3899
3894
3912
3894
3893
3898
3900
3898
3907
3910
3895
3896
3896
3925
3894
3900
3902
3924
3903
3897
3900
3902
3899
3907
3901
3897
3895
3898
3920
3887
3915
3894
3892
3909
3896
3911
3899
3892
3893
3908
3921
3904
3894
3904
3905
3896
3900
3927
3898
3922
3895
3918
3901
3898
3924
3912
3909
3892
3907
3903
3899
3901
3898
3930
3892
3903
3937
3895
3893
3908
3895
3900
3888
3897
3900
3924
3906
3901
3900
3917
3895
3921
3897
3898
3897
3914
3897
3898
3902
3896
3904
3893
3903
3905
3900
3894
3926
3893
3898
3921
3894
3895
3906
3900
3887
3900
3902
3893
3897
3901
3897
3893
3898
3896
3903
3905
3894
3923
3904
3911
3904
3897
3917
3901
3897
3903
3904
3898
3897
3897
3898
3912
3901
3896
3895
3925
3902
3897
3892
3898
3894
3898
3896
3898
3897
3900
3901
3899
3906
3910
3915
3901
3899
3927
3879
3903
3902
3898
3923
3899
3920
3895
3899
3917
3900
3898
3912
3899
3905
3896
3919
3896
3912
3899
3900
3905
3896
3907
3898
3898
3926
3904
3894
3899
3895
3900
3898
3903
3892
3906
3903
3916
3906
3901
3903
3916
3900
3892
3900
3898
3896
3899
3899
3925
3898
3898
3909
3900
3925
3890
3910
3899
3898
3907
3895
3897
3900
3925
3917
3898
3897
3899
3914
3903
3919
3904
3898
3901
3900
3895
3903
3899
3910
3899
3900
3913
3916
3903
3896
3899
3922
3902
3905
3899
3900
3926
3896
3914
3915
3901
3911
3905
3896
3901
3898
3909
3910
3903
3913
3904
3898
3912
3897
3929
3900
3900
3895
3898
3904
3901
3910
3904
3904
3900
3904
3898
3905
3901
3900
3943
3895
3907
3910
3888
3901
3902
3900
3899
3901
3907
3894
3900
3903
3902
3930
3907
3903
3934
3900
3899
3906
3900
3925
3895
3898
3907
3912
3901
3899
3898
3904
3898
3903
3902
3909
3905
3902
3900
3903
3895
3907
3907
3898
3906
3904
3901
3902
3899
3905
3896
3905
3930
3898
3896
3898
3902
3929
3899
3913
3906
3897
3896
3909
3886
3901
3896
3907
3896
3908
3896
3897
3898
3927
3910
3900
3900
3898
3908
3902
3908
3909
3906
3931
3897
3915
3927
3899
3921
3900
3903
3900
3896
3895
3926
3897
3912
3899
3904
3911
3901
3896
3895
3921
3901
3900
3900
3926
3899
3898
3898
3902
3908
3895
3911
3903
3900
3908
3900
3904
3910
3897
3898
3902
3904
3912
3900
3904
3892
3901
3899
3901
3895
3908
3901
3908
3910
3898
3900
3902
3902
3898
3907
3901
3902
3897
3921
3897
3896
3896
3928
3897
3907
3925
3901
3910
3897
3899
3897
3902
3899
3911
3900
3901
3908
3918
3907
3910
3919
3928
3898
3907
3893
3907
3898
3910
3930
3899
3898
3899
3901
3901
3905
3897
3897
3905
3912
3903
3902
3908
3902
3898
3896
3912
3898
3905
3902
3910
3904
3932
3913
3921
3900
3929
3900
3924
3902
3896
3891
3900
3902
3928
3896
3901
3905
3901
3901
3901
3903
3895
3893
3923
3904
3902
3901
3896
3904
3900
3898
3910
3895
3895
3901
3897
3893
3900
3913
3916
3894
3905
3902
3908
3895
3896
3916
3924
3904
3912
3907
3900
3896
3898
3903
3901
3938
3911
3901
3912
3898
3901
3901
3908
3908
3899
3909
3911
3894
3911
3895
3899
3902
3899
3908
3915
3916
3896
3897
3903
3904
3901
3899
3912
3900
3899
3899
3902
3903
3904
3906
3913
3895
3908
3904
3901
3926
3908
3903
3895
3906
3900
3900
3913
3903
3899
3905
3897
3905
3902
3900
3906
3900
3921
3927
3899
3895
3924
3902
3915
3902
3900
3904
3903
3896
3928
3894
3910
3899
3920
3898
3903
3900
3901
3923
3901
3906
3900
3901
3917
3911
3925
3921
3925
3921
3911
3900
3921
3897
3903
3900
3899
3904
3905
3900
3896
3897
3899
3897
3897
3901
3907
3898
3903
3934
3902
3913
3934
3898
3901
3898
3902
3909
3930
3898
3900
3899
3902
3900
3904
3902
3903
3899
3905
3899
3923
3901
3896
3905
3896
3922
3881
3918
3903
3914
3907
3898
3905
3922
3906
3918
3907
3900
3908
3903
3917
3902
3902
3906
3911
3902
3904
3909
3902
3911
3906
3898
3898
3907
3925
3898
3902
3892
3894
3911
3898
3902
3898
3910
3901
3939
3893
3904
3889
3902
3906
3897
3899
3893
3900
3902
3898
3900
3928
3910
3925
3899
3898
3899
3897
3897
3898
3902
3899
3900
3900
3902
3906
3892
3922
3901
3902
3902
3921
3907
3898
3903
3900
3910
3910
3901
3928
3905
3904
3910
3925
3902
3900
3919
3899
3934
3898
3921
3904
3905
3902
3903
3903
3900
3901
3902
3902
3902
3928
3902
3923
3899
3899
3898
3896
3902
3899
3913
3906
3898
3904
3903
3913
3916
3904
3900
3902
3899
3902
3906
3930
3902
3903
3903
3908
3898
3902
3901
3911
3903
3906
3896
3897
3900
3895
3928
3931
3900
3919
3904
3903
3898
3911
3932
3903
3897
3899
3902
3907
3921
3903
3904
3900
3906
3899
3909
3903
3902
3926
3930
3897
3909
3922
3936
3905
3905
3915
3897
3896
3898
3906
3905
3900
3901
3929
3914
3903
3930
3908
3917
3900
3901
3909
3902
3899
3906
3899
3903
3900
3897
3901
3897
3905
3908
3902
3904
3901
3904
3928
3901
3897
3905
3900
3918
3900
3900
3896
3905
3902
3908
3913
3902
3905
3908
3904
3899
3924
3899
3904
3898
3906
3899
3901
3898
3903
3902
3902
3904
3906
3911
3906
3901
3930
3899
3896
3904
3905
3940
3907
3901
3898
3899
3898
3918
3903
3898
3928
3902
3899
3904
3898
3916
3905
3903
3905
3903
3902
3905
3905
3901
3905
3924
3906
3886
3905
3904
3919
3902
3910
3901
3903
3897
3909
3906
3897
3899
3914
3900
3902
3897
3903
3903
3903
3902
3895
3907
3939
3904
3904
3901
3906
3895
3928
3900
3900
3907
3901
3898
3930
3896
3898
3910
3901
3922
3921
3923
3908
3906
3896
3929
3896
3912
3897
3898
3906
3907
3896
3901
3901
3904
3905
3897
3904
3899
3913
3901
3897
3912
3901
3900
3902
3893
3901
3900
3903
3896
3911
3893
3911
3896
3911
3926
3899
3904
3917
3886
3898
3929
3898
3901
3900
3898
3894
3933
3903
3902
3908
3918
3913
3900
3908
3900
3927
3900
3904
3914
3901
3904
3906
3905
3930
3897
3897
3919
3917
3921
3899
3898
3899
3898
3902
3904
3899
3909
3897
3904
3905
3922
3898
3898
3908
3902
3908
3898
3925
3916
3901
3903
3896
3919
3900
3903
3920
3904
3914
3926
3900
3908
3899
3904
3938
3898
3902
3910
3900
3898
3916
3919
3902
3901
3903
3896
3896
3904
3902
3904
3909
3906
3901
3910
3903
3899
3938
3901
3907
3903
3907
3903
3899
3903
3897
3913
3897
3908
3902
3929
3905
3916
3938
3901
3901
3906
3899
3901
3899
3912
3890
3918
3900
3913
3901
3909
3902
3902
3901
3899
3912
3901
3907
3902
3932
3910
3904
3899
3900
3900
3911
3903
3900
3900
3903
3910
3908
3901
3909
3916
3910
3902
3907
3907
3902
3904
3909
3919
3919
3926
3897
3909
3897
3905
3900
3897
3903
3914
3905
3907
3899
3910
3898
3903
3929
3900
3903
3905
3911
3900
3910
3901
3905
3902
3897
3911
3902
3901
3925
3903
3896
3901
3908
3899
3914
3932
3919
3905
3907
3898
3898
3900
3907
3908
3900
3912
3902
3905
3914
3908
3914
3915
3899
3899
3904
3901
3917
3901
3900
3901
3901
3904
3907
3905
3921
3900
3900
3898
3897
3900
3902
3908
3897
3905
3911
3904
3919
3904
3910
3895
3944
3900
3899
3920
3902
3900
3906
3902
3898
3920
3914
3900
3902
3900
3902
3920
3903
3920
3896
3906
3913
3911
3918
3903
3901
3910
3901
3906
3908
3904
3901
3904
3905
3903
3904
3903
3901
3907
3902
3904
3901
3912
3910
3923
3906
3907
3903
3903
3904
3907
3909
3899
3909
3902
3907
3901
3903
3920
3903
3939
3901
3903
3915
3900
3906
3902
3930
3909
3925
3914
3948
3926
3906
3904
3903
3923
3919
3907
3898
3903
3926
3902
3909
3901
3902
3897
3896
3916
3910
3889
3902
3902
3901
3913
3895
3912
3909
3918
3902
3909
3912
3920
3915
3897
3902
3902
3902
3907
3898
3900
3908
3910
3900
3911
3907
3931
3899
3931
3898
3903
3898
3899
3907
3907
3909
3907
3900
3910
3930
3909
3913
3910
3906
3900
3902
3900
3904
3905
3900
3895
3916
3897
3904
3897
3904
3920
3921
3909
3899
3902
3907
3919
3932
3904
3915
3898
3903
3900
3901
3896
3902
3904
3901
3899
3914
3910
3914
3898
3913
3915
3918
3900
3913
3899
3904
3904
3909
3904
3903
3903
3907
3919
3916
3896
3899
3919
3904
3923
3910
3903
3914
3902
3898
3910
3901
3906
3907
3906
3934
3913
3919
3895
3902
3915
3914
3901
3902
3917
3923
3908
3917
3906
3904
3909
3919
3904
3903
3930
3929
3900
3914
3910
3903
3917
3905
3902
3901
3907
3914
3899
3920
3897
3909
3900
3901
3941
3900
3900
3911
3894
3922
3920
3900
3912
3910
3910
3905
3917
3905
3917
3902
3925
3900
3926
3903
3883
3915
3898
3904
3904
3900
3911
3904
3898
3915
3920
3914
3899
3911
3906
3898
3915
3912
3899
3898
3925
3903
3901
3904
3900
3901
3905
3918
3899
3904
3899
3903
3898
3905
3904
3900
3905
3902
3919
3907
3928
3904
3930
3917
3909
3900
3904
3902
3932
3902
3912
3908
3901
3902
3898
3909
3898
3903
3909
3901
3905
3904
3916
3896
3914
3907
3898
3914
3930
3922
3907
3917
3909
3908
3911
3906
3899
3898
3899
3898
3903
3900
3908
3905
3922
3897
3906
3901
3931
3904
3905
3900
3925
3901
3905
3906
3905
3907
3924
3902
3905
3901
3904
3904
3898
3917
3925
3905
3903
3903
3929
3904
3901
3908
3914
3905
3903
3899
3908
3909
3901
3903
3917
3911
3904
3908
3906
3910
3902
3908
3902
3928
3904
3906
3901
3899
3899
3900
3900
3899
3904
3901
3890
3903
3913
3903
3904
3905
3903
3902
3903
3902
3898
3900
3911
3897
3917
3902
3909
3899
3901
3911
3917
3897
3897
3922
3908
3901
3907
3907
3902
3906
3902
3925
3906
3908
3908
3904
3904
3898
3905
3901
3910
3902
3925
3930
3902
3907
3901
3927
3886
3918
3914
3912
3905
3925
3905
3912
3904
3904
3914
3904
3923
3903
3937
3903
3898
3917
3922
3899
3913
3913
3905
3903
3928
3913
3902
3904
3911
3902
3901
3936
3903
3900
3910
3910
3920
3902
3903
3902
3909
3907
3902
3890
3914
3899
3904
3913
3923
3902
3912
3909
3916
3927
3922
3905
3896
3904
3904
3936
3904
3906
3911
3903
3926
3903
3902
3922
3902
3903
3915
3910
3903
3900
3901
3918
3906
3910
3903
3904
3921
3903
3907
3905
3902
3899
3903
3910
3900
3903
3904
3904
3905
3930
3907
3907
3905
3906
3931
3903
3902
3929
3904
3903
3902
3910
3920
3904
3904
3902
3902
3902
3903
3905
3907
3910
3909
3933
3909
3905
3912
3905
3909
3908
3902
3907
3902
3904
3912
3925
3904
3906
3909
3901
3904
3914
3915
3910
3912
3901
3903
3908
3904
3903
3905
3900
3901
3903
3899
3903
3906
3897
3902
3905
3904
3900
3898
3934
3902
3904
3907
3904
3907
3892
3930
3919
3906
3903
3899
3902
3900
3939
3907
3923
3902
3902
3905
3903
3903
3917
3926
3901
3922
3904
3931
3898
3909
3901
3915
3903
3916
3919
3902
3908
3903
3904
3904
3898
3918
3900
3930
3904
3937
3903
3903
3913
3903
3905
3906
3893
3906
3901
3906
3904
3898
3908
3903
3901
3909
3903
3903
3906
3907
3907
3902
3901
3923
3901
3902
3905
3901
3906
3911
3900
3904
3898
3906
3901
3906
3902
3905
3904
3905
3910
3904
3914
3924
3907
3930
3899
3913
3907
3904
3902
3911
3903
3904
3909
3897
3909
3900
3896
3919
3903
3904
3900
3903
3926
3901
3904
3903
3908
3900
3923
3901
3898
3914
3905
3908
3899
3906
3919
3904
3904
3904
3906
3902
3901
3904
3902
3933
3902
3902
3916
3909
3903
3910
3902
3903
3911
3914
3902
3933
3901
3908
3913
3902
3919
3906
3905
3908
3922
3907
3905
3902
3904
3905
3900
3904
3915
3941
3903
3913
3941
3920
3903
3900
3903
3911
3906
3904
3907
3916
3905
3917
3902
3907
3905
3912
3917
3900
3924
3904
3902
3899
3900
3904
3909
3902
3919
3900
3902
3903
3902
3904
3913
3903
3908
3922
3923
3906
3906
3904
3903
3905
3899
3890
3901
3911
3922
3906
3902
3933
3911
3907
3915
3904
3904
3908
3900
3905
3933
3918
3903
3898
3916
3907
3906
3908
3917
3904
3905
3905
3911
3900
3911
3907
3914
3910
3917
3905
3907
3906
3932
3936
3909
3903
3908
3918
3904
3903
3899
3923
3906
3903
3903
3916
3933
3907
3903
3912
3909
3933
3900
3907
3902
3901
3930
3908
3902
3906
3900
3908
3928
3930
3914
3918
3924
3900
3931
3900
3912
3923
3903
3922
3911
3902
3918
3918
3912
3905
3902
3902
3919
3908
3904
3902
3902
3915
3919
3904
3910
3909
3903
3893
3908
3899
3906
3899
3921
3898
3902
3921
3905
3927
3905
3900
3906
3904
3903
3919
3900
3904
3900
3900
3904
3900
3913
3908
3903
3904
3912
3913
3926
3903
3919
3899
3903
3901
3900
3947
3904
3899
3902
3920
3904
3900
3901
3902
3902
3901
3908
3901
3904
3905
3905
3901
3919
3915
3922
3903
3902
3909
3902
3902
3905
3934
3900
3904
3905
3902
3906
3934
3902
3902
3903
3899
3904
3906
3909
3920
3902
3934
3901
3931
3900
3904
3903
3901
3907
3923
3903
3916
3912
3928
3929
3902
3907
3900
3900
3930
3904
3900
3922
3906
3922
3932
3929
3924
3909
3900
3902
3902
3917
3928
3920
3905
3907
3906
3901
3910
3900
3914
3900
3901
3902
3901
3904
3907
3905
3906
3904
3899
3917
3904
3922
3913
3924
3947
3904
3900
3917
3909
3904
3901
3926
3906
3903
3914
3901
3911
3923
3905
3912
3924
3900
3908
3907
3898
3895
3899
3901
3909
3905
3907
3924
3909
3902
3912
3907
3908
3909
3913
3900
3904
3907
3911
3906
3904
3903
3905
3900
3902
3905
3907
3903
3922
3898
3903
3910
3900
3901
3906
3902
3904
3903
3934
3919
3902
3903
3907
3913
3901
3927
3907
3908
3905
3900
3915
3947
3907
3898
3908
3908
3902
3906
3900
3907
3909
3902
3901
3905
3908
3904
3913
3910
3913
3933
3920
3908
3924
3925
3912
3895
3907
3909
3908
3907
3918
3903
3908
3906
3910
3908
3906
3904
3903
3901
3898
3908
3912
3900
3910
3907
3909
3901
3903
3934
3909
3916
3918
3903
3904
3913
3907
3910
3907
3898
3905
3899
3908
3917
3911
3901
3915
3900
3906
3901
3902
3908
3901
3904
3923
3927
3914
3915
3933
3899
3926
3905
3927
3927
3902
3899
3910
3903
3916
3911
3907
3901
3901
3904
3914
3903
3906
3912
3901
3914
3911
3900
3901
3904
3904
3922
3903
3905
3918
3905
3908
3900
3907
3902
3907
3904
3907
3905
3907
3907
3911
3907
3909
3907
3915
3911
3905
3907
3903
3913
3903
3907
3904
3916
3904
3904
3928
3918
3913
3910
3924
3910
3931
3897
3910
3918
3918
3907
3908
3906
3905
3906
3928
3932
3912
3902
3903
3909
3904
3906
3920
3901
3903
3906
3909
3905
3918
3887
3900
3904
3900
3911
3902
3931
3914
3908
3909
3909
3905
3905
3910
3917
3921
3907
3901
3902
3909
3918
3904
3907
3916
3901
3904
3905
3915
3909
3907
3905
3912
3944
3902
3903
3912
3917
3910
3904
3932
3915
3904
3923
3917
3913
3903
3925
3906
3900
3900
3914
3915
3924
3925
3908
3908
3898
3904
3903
3904
3903
3895
3911
3907
3917
3904
3907
3905
3902
3914
3908
3914
3938
3916
3904
3934
3914
3903
3905
3911
3919
3904
3898
3901
3905
3911
3914
3896
3934
3914
3906
3924
3903
3906
3906
3902
3925
3907
3909
3902
3918
3907
3909
3906
3905
3925
3905
3899
3898
3902
3918
3915
3926
3927
3903
3918
3914
3905
3933
3908
3927
3905
3909
3908
3911
3929
3915
3923
3906
3907
3904
3925
3902
3903
3927
3904
3907
3902
3906
3927
3901
3910
3932
3888
3897
3907
3887
3913
3903
3906
3902
3904
3907
3915
3918
3900
3924
3905
3904
3908
3907
3949
3911
3908
3907
3909
3914
3909
3904
3905
3907
3908
3906
3908
3917
3904
3904
3909
3897
3907
3903
3904
3907
3902
3929
3906
3910
3902
3903
3907
3903
3911
3907
3911
3907
3914
3931
3903
3916
3904
3908
3912
3911
3921
3904
3920
3907
3902
3909
3902
3902
3909
3928
3903
3900
3915
3904
3903
3903
3898
3924
3902
3904
3904
3904
3899
3910
3901
3909
3901
3904
3896
3923
3899
3912
3910
3902
3907
3928
3906
3904
3923
3905
3909
3904
3901
3919
3907
3909
3898
3906
3915
3904
3938
3934
3911
3906
3901
3911
3907
3901
3918
3903
3907
3921
3903
3902
3899
3904
3905
3921
3902
3919
3904
3915
3906
3905
3904
3904
3908
3902
3922
3907
3913
3930
3910
3908
3908
3908
3908
3914
3920
3905
3912
3918
3915
3905
3921
3907
3906
3908
3908
3901
3917
3903
3905
3901
3908
3932
3921
3905
3905
3901
3907
3910
3900
3928
3910
3905
3907
3907
3929
3899
3932
3903
3907
3904
3906
3918
3902
3904
3908
3898
3899
3896
3906
3911
3922
3904
3903
3908
3923
3915
3903
3909
3902
3915
3905
3903
3909
3911
3895
3898
3902
3911
3907
3901
3928
3906
3914
3902
3904
3914
3933
3908
3925
3904
3905
3902
3904
3924
3901
3911
3903
3919
3903
3913
3908
3908
3903
3897
3904
3913
3903
3918
3903
3905
3899
3910
3911
3904
3909
3902
3897
3913
3908
3902
3915
3920
3917
3903
3908
3928
3931
3916
3909
3898
3907
3902
3917
3934
3927
3913
3901
3906
3905
3900
3909
3899
3902
3903
3899
3929
3906
3912
3902
3908
3905
3900
3915
3922
3906
3909
3908
3928
3903
3913
3900
3906
3903
3903
3922
3915
3903
3900
3908
3926
3903
3906
3917
3904
3911
3934
3900
3907
3924
3906
3908
3915
3900
3911
3905
3914
3934
3915
3904
3906
3922
3903
3901
3904
3899
3929
3900
3927
3916
3910
3909
3905
3916
3926
3906
3900
3903
3910
3923
3900
3907
3909
3902
3901
3903
3907
3902
3912
3904
3908
3903
3911
3899
3902
3916
3907
3919
3905
3902
3908
3908
3910
3905
3903
3905
3931
3909
3905
3906
3910
3907
3930
3904
3902
3908
3911
3916
3907
3909
3927
3905
3908
3905
3910
3904
3936
3908
3908
3938
3908
3909
3903
3908
3910
3897
3903
3908
3904
3901
3913
3907
3909
3906
3907
3903
3928
3901
3907
3907
3911
3910
3904
3902
3929
3900
3914
3902
3906
3926
3919
3894
3907
3908
3903
3916
3924
3915
3901
3923
3915
3898
3894
3905
3906
3905
3905
3930
3918
3931
3907
3919
3914
3899
3899
3903
3932
3927
3903
3900
3907
3902
3910
3907
3922
3903
3919
3908
3904
3907
3902
3900
3907
3905
3901
3913
3904
3908
3923
3909
3928
3901
3900
3902
3899
3918
3912
3930
3908
3903
3921
3899
3905
3899
3903
3910
3905
3924
3901
3908
3907
3930
3908
3907
3920
3899
3905
3915
3908
3909
3902
3906
3899
3915
3912
3906
3929
3904
3915
3905
3915
3909
3908
3913
3904
3929
3934
3900
3908
3900
3899
3907
3900
3907
3904
3937
3909
3895
3917
3912
3903
3934
3908
3906
3919
3919
3906
3900
3903
3911
3914
3902
3907
3904
3922
3907
3912
3923
3934
3906
3908
3914
3909
3903
3909
3912
3906
3914
3906
3909
3910
3903
3907
3911
3915
3896
3912
3900
3911
3916
3896
3909
3902
3917
3910
3904
3904
3906
3906
3922
3905
3904
3925
3907
3908
3914
3925
3924
3927
3904
3920
3901
3902
3904
3907
3907
3903
3903
3905
3905
3916
3901
3926
3904
3908
3903
3908
3902
3918
3912
3919
3904
3910
3933
3910
3934
3908
3902
3903
3903
3904
3928
3906
3904
3901
3905
3908
3906
3910
3918
3905
3906
3903
3923
3915
3908
3932
3901
3906
3910
3894
3923
3905
3917
3905
3907
3905
3901
3922
3918
3908
3903
3927
3902
3907
3904
3906
3915
3905
3915
3906
3908
3904
3910
3910
3903
3901
3908
3908
3903
3903
3914
3907
3905
3906
3905
3912
3926
3902
3903
3903
3900
3913
3902
3920
3916
3904
3938
3906
3911
3906
3909
3932
3917
3916
3920
3905
3908
3903
3913
3901
3905
3935
3921
3923
3902
3904
3914
3903
3900
3909
3893
3904
3905
3903
3902
3910
3924
3908
3908
3930
3907
3912
3919
3910
3907
3911
3915
3910
3907
3914
3908
3908
3925
3904
3908
3916
3893
3907
3909
3905
3904
3907
3903
3946
3901
3903
3913
3905
3910
3905
3910
3918
3900
3902
3908
3904
3904
3907
3934
3900
3904
3909
3902
3914
3915
3916
3903
3907
3934
3918
3907
3903
3925
3904
3903
3935
3904
3908
3901
3906
3902
3907
3898
3909
3899
3911
3906
3904
3916
3902
3915
3907
3932
3917
3908
3919
3938
3912
3904
3915
3904
3907
3906
3903
3904
3911
3925
3910
3919
3925
3903
3909
3907
3929
3907
3926
3925
3906
3911
3915
3910
3902
3916
3917
3913
3933
3904
3901
3911
3909
3906
3901
3909
3901
3899
3904
3920
3900
3933
3916
3919
3911
3914
3926
3930
3906
3922
3925
3906
3911
3911
3911
3913
3908
3906
3920
3909
3913
3921
3902
3923
3911
3917
3915
3908
3903
3912
3910
3933
3905
3903
3908
3926
3912
3906
3905
3910
3909
3908
3919
3905
3902
3910
3908
3930
3901
3926
3906
3902
3909
3908
3899
3906
3906
3906
3908
3906
3906
3904
3907
3905
3922
3910
3911
3905
3902
3916
3923
3905
3912
3907
3907
3908
3940
3905
3908
3914
3925
3908
3907
3909
3906
3913
3907
3903
3917
3924
3909
3912
3908
3911
3909
3906
3906
3907
3909
3923
3933
3905
3907
3910
3930
3918
3909
3912
3907
3902
3907
3908
3925
3908
3907
3925
3911
3922
3943
3917
3911
3907
3933
3910
3906
3906
3906
3912
3904
3906
3922
3905
3908
3913
3913
3908
3911
3904
3906
3916
3910
3911
3932
3906
3900
3909
3924
3909
3903
3908
3920
3906
3925
3912
3924
3916
3911
3908
3905
3909
3899
3923
3912
3911
3901
3905
3906
3916
3909
3911
3924
3912
3907
3899
3914
3905
3903
3905
3901
3904
3909
3908
3914
3908
3910
3902
3905
3913
3907
3911
3902
3900
3921
3912
3923
3903
3905
3906
3912
3904
3909
3904
3914
3907
3938
3907
3902
3902
3900
3932
3937
3907
3908
3909
3915
3909
3904
3908
3904
3905
3907
3925
3906
3926
3905
3919
3910
3911
3910
3906
3903
3902
3900
3906
3918
3923
3921
3906
3906
3924
3906
3930
3904
3902
3908
3900
3909
3909
3932
3907
3906
3910
3904
3906
3906
3903
3900
3909
3907
3921
3908
3907
3907
3911
3902
3908
3909
3909
3937
3911
3917
3907
3917
3911
3907
3907
3916
3914
3905
3904
3905
3911
3909
3901
3913
3910
3903
3906
3901
3917
3903
3905
3911
3907
3922
3890
3911
3908
3921
3905
3908
3937
3910
3911
3905
3919
3908
3904
3906
3918
3909
3905
3909
3909
3904
3906
3902
3908
3910
3910
3905
3901
3910
3907
3931
3914
3910
3932
3911
3902
3914
3904
3924
3910
3917
3915
3924
3903
3918
3908
3940
3908
3914
3906
3918
3911
3903
3913
3903
3907
3897
3914
3905
3908
3906
3914
3916
3904
3915
3914
3900
3932
3910
3902
3899
3904
3909
3905
3920
3908
3908
3925
3912
3917
3917
3907
3906
3914
3925
3904
3912
3921
3904
3924
3924
3905
3910
3918
3906
3909
3908
3911
3909
3910
3906
3909
3911
3887
3906
3917
3913
3917
3911
3927
3914
3913
3895
3907
3904
3911
3904
3904
3907
3907
3920
3915
3902
3932
3910
3908
3917
3907
3909
3909
3905
3923
3906
3915
3913
3912
3910
3930
3904
3917
3913
3954
3939
3905
3908
3910
3907
3909
3928
3912
3904
3916
3904
3910
3909
3912
3909
3908
3909
3910
3910
3908
3909
3927
3916
3914
3903
3916
3919
3910
3905
3916
3903
3908
3930
3905
3919
3935
3932
3903
3916
3890
3903
3907
3923
3930
3912
3910
3906
3909
3930
3908
3911
3908
3904
3904
3907
3906
3908
3912
3909
3908
3905
3905
3911
3907
3929
3932
3905
3904
3913
3906
3908
3913
3925
3930
3909
3905
3908
3908
3909
3909
3909
3905
3910
3914
3911
3910
3908
3915
3931
3922
3909
3914
3926
3907
3905
3905
3916
3909
3909
3908
3908
3907
3921
3909
3909
3905
3907
3904
3909
3920
3915
3915
3929
3911
3911
3903
3927
3907
3906
3912
3913
3911
3915
3906
3905
3903
3925
3928
3914
3912
3915
3911
3913
3915
3903
3908
3908
3906
3909
3904
3909
3906
3911
3909
3913
3907
3913
3924
3903
3903
3907
3912
3937
3906
3922
3914
3904
3932
3907
3905
3910
3933
3903
3909
3904
3913
3905
3914
3905
3916
3907
3907
3907
3906
3917
3923
3916
3909
3905
3901
3937
3910
3910
3911
3907
3941
3904
3902
3906
3907
3910
3910
3907
3918
3911
3905
3906
3899
3915
3907
3908
3927
3902
3916
3908
3907
3911
3908
3905
3930
3931
3906
3934
3906
3907
3934
3908
3940
3911
3910
3903
3904
3912
3906
3914
3899
3919
3904
3906
3909
3932
3913
3913
3903
3906
3905
3905
3915
3914
3903
3902
3898
3913
3907
3906
3913
3904
3909
3909
3911
3908
3902
3920
3903
3912
3913
3911
3922
3917
3905
3911
3904
3905
3924
3931
3913
3909
3906
3909
3908
3910
3917
3907
3905
3915
3904
3911
3908
3927
3922
3916
3911
3919
3909
3923
3904
3903
3914
3906
3906
3908
3907
3915
3906
3910
3936
3908
3934
3944
3909
3906
3908
3916
3919
3920
3907
3905
3909
3902
3906
3906
3919
3911
3908
3905
3910
3929
3906
3912
3907
3905
3914
3912
3918
3906
3915
3907
3905
3907
3908
3928
3910
3912
3904
3909
3901
3911
3929
3925
3914
3907
3911
3906
3912
3907
3907
3918
3914
3936
3906
3920
3902
3904
3908
3907
3902
3896
3940
3937
3910
3909
3905
3911
3912
3916
3913
3890
3901
3906
3905
3904
3900
3908
3908
3906
3903
3903
3905
3908
3910
3910
3911
3908
3915
3911
3919
3924
3908
3913
3916
3904
3911
3909
3907
3921
3906
3909
3903
3911
3908
3908
3909
3905
3919
3911
3906
3910
3911
3922
3908
3924
3931
3904
3904
3908
3924
3911
3909
3906
3917
3909
3908
3905
3906
3907
3910
3907
3905
3909
3900
3901
3910
3901
3937
3914
3903
3911
3914
3911
3907
3908
3913
3918
3909
3913
3903
3909
3905
3922
3927
3910
3908
3929
3917
3907
3926
3917
3909
3920
3912
3907
3914
3907
3937
3918
3933
3905
3906
3907
3936
3926
3910
3909
3912
3930
3937
3904
3918
3923
3903
3908
3904
3904
3909
3916
3914
3906
3942
3916
3928
3916
3904
3909
3917
3936
3907
3934
3912
3906
3910
3915
3909
3918
3907
3909
3907
3902
3906
3911
3908
3908
3911
3916
3904
3903
3935
3911
3913
3911
3922
3922
3908
3905
3919
3905
3911
3907
3913
3909
3912
3905
3908
3911
3911
3914
3914
3935
3914
3906
3901
3905
3907
3902
3909
3934
3941
3908
3928
3908
3920
3910
3910
3931
3917
3939
3912
3910
3912
3914
3908
3905
3912
3905
3924
3904
3911
3924
3902
3908
3906
3911
3913
3906
3894
3908
3918
3930
3904
3906
3914
3917
3948
3909
3908
3906
3908
3907
3904
3925
3910
3906
3907
3913
3911
3907
3913
3918
3910
3929
3907
3907
3934
3926
3917
3907
3935
3913
3905
3921
3905
3906
3910
3906
3909
3914
3912
3924
3908
3925
3909
3905
3904
3908
3910
3902
3908
3946
3903
3902
3907
3913
3912
3909
3910
3904
3909
3914
3907
3926
3925
3903
3912
3905
3918
3913
3910
3909
3907
3904
3920
3908
3917
3904
3904
3909
3913
3909
3932
3910
3906
3913
3910
3910
3937
3901
3909
3912
3907
3905
3915
3930
3908
3907
3904
3908
3918
3908
3911
3914
3909
3909
3908
3917
3930
3912
3921
3915
3914
3914
3910
3909
3915
3937
3912
3925
3907
3913
3906
3905
3922
3911
3909
3912
3909
3913
3909
3923
3913
3912
3908
3910
3909
3909
3915
3923
3909
3908
3911
3904
3904
3927
3908
3907
3888
3907
3916
3907
3915
3909
3918
3909
3904
3911
3909
3923
3917
3938
3910
3901
3910
3908
3909
3939
3935
3903
3913
3911
3912
3912
3915
3911
3909
3901
3935
3910
3904
3910
3912
3918
3905
3910
3912
3939
3909
3908
3925
3911
3909
3906
3907
3938
3912
3922
3912
3906
3915
3912
3918
3909
3914
3908
3926
3918
3909
3920
3911
3915
3915
3907
3909
3911
3907
3911
3905
3917
3908
3911
3913
3920
3907
3911
3907
3912
3916
3915
3911
3917
3907
3921
3906
3908
3916
3904
3911
3911
3913
3923
3909
3921
3923
3909
3922
3910
3909
3908
3917
3913
3908
3916
3907
3905
3905
3913
3929
3906
3906
3908
3909
3938
3909
3913
3922
3907
3910
3908
3907
3910
3906
3924
3931
3917
3918
3915
3908
3905
3926
3905
3930
3904
3918
3905
3924
3908
3924
3925
3905
3909
3920
3921
3908
3906
3908
3909
3908
3905
3926
3909
3909
3912
3931
3907
3906
3914
3912
3905
3912
3928
3913
3907
3907
3915
3913
3912
3919
3910
3912
3902
3906
3916
3908
3916
3903
3906
3905
3908
3908
3909
3905
3946
3928
3928
3908
3912
3905
3910
3934
3907
3908
3910
3914
3923
3927
3917
3909
3909
3910
3907
3906
3908
3904
3909
3913
3908
3917
3913
3905
3913
3911
3908
3905
3910
3910
3902
3910
3908
3904
3908
3933
3911
3908
3929
3919
3936
3908
3912
3911
3913
3908
3911
3905
3912
3916
3904
3923
3902
3931
3930
3912
3905
3916
3919
3923
3909
3919
3936
3918
3920
3912
3909
3916
3921
3902
3915
3906
3903
3909
3909
3906
3901
3911
3913
3905
3911
3903
3932
3905
3912
3915
3922
3922
3915
3908
3911
3914
3915
3911
3917
3916
3912
3927
3912
3912
3909
3912
3917
3911
3911
3903
3918
3912
3906
3921
3912
3919
3910
3924
3908
3912
3909
3907
3908
3909
3907
3918
3910
3912
3918
3913
3921
3908
3923
3905
3905
3911
3918
3910
3904
3913
3917
3903
3925
3889
3903
3924
3909
3928
3911
3911
3920
3908
3909
3909
3913
3906
3939
3908
3913
3909
3908
3914
3913
3914
3905
3911
3909
3912
3908
3919
3916
3941
3924
3910
3908
3918
3910
3909
3908
3906
3927
3908
3911
3907
3911
3914
3922
3915
3907
3915
3928
3933
3914
3910
3909
3908
3904
3912
3909
3912
3909
3926
3921
3909
3908
3909
3914
3913
3926
3905
3917
3910
3919
3938
3911
3908
3905
3927
3924
3910
3903
3912
3913
3907
3927
3911
3930
3917
3909
3917
3908
3906
3908
3908
3909
3904
3923
3910
3907
3908
3929
3932
3910
3906
3940
3926
3921
3927
3908
3915
3937
3911
3911
3908
3920
3909
3909
3909
3908
3929
3936
3911
3908
3925
3910
3918
3915
3907
3913
3910
3914
3912
3910
3913
3910
3934
3922
3930
3919
3917
3918
3917
3924
3910
3916
3911
3928
3906
3909
3914
3918
3909
3917
3942
3912
3909
3911
3910
3910
3914
3909
3905
3915
3929
3916
3912
3907
3911
3914
3935
3906
3916
3937
3930
3913
3910
3914
3915
3934
3890
3938
3909
3904
3914
3914
3927
3919
3911
3903
3911
3903
3915
3913
3933
3908
3927
3911
3923
3912
3932
3911
3929
3908
3912
3923
3910
3912
3912
3909
3910
3914
3931
3906
3906
3929
3928
3919
3918
3919
3914
3928
3910
3915
3929
3909
3922
3911
3912
3910
3909
3917
3913
3930
3913
3922
3918
3907
3908
3911
3921
3926
3914
3910
3938
3919
3921
3913
3912
3906
3912
3917
3923
3919
3905
3908
3926
3908
3922
3929
3941
3911
3935
3935
3914
3910
3907
3916
3908
3924
3932
3914
3937
3914
3936
3899
3904
3913
3909
3908
3906
3908
3912
3920
3912
3948
3925
3920
3909
3908
3931
3913
3908
3914
3905
3917
3914
3910
3917
3912
3902
3912
3907
3912
3907
3903
3905
3937
3913
3906
3912
3914
3934
3907
3919
3924
3916
3909
3905
3912
3913
3905
3910
3920
3904
3908
3911
3913
3931
3911
3929
3909
3905
3940
3916
3935
3910
3910
3920
3937
3906
3915
3915
3906
3909
3917
3906
3908
3937
3909
3914
3911
3908
3918
3914
3909
3906
3932
3918
3911
3912
3908
3907
3907
3941
3926
3915
3912
3913
3905
3910
3913
3915
3902
3937
3911
3929
3930
3922
3916
3918
3928
3913
3910
3917
3924
3912
3930
3932
3924
3915
3911
3919
3905
3908
3909
3911
3917
3908
3924
3912
3909
3915
3909
3903
3921
3907
3907
3910
3922
3910
3928
3903
3909
3897
3911
3907
3907
3910
3914
3910
3910
3908
3927
3917
3906
3936
3911
3929
3906
3912
3907
3911
3906
3916
3935
3923
3906
3910
3914
3904
3913
3916
3912
3937
3910
3909
3942
3915
3910
3915
3914
3914
3905
3935
3914
3914
3912
3907
3911
3909
3905
3908
3910
3907
3914
3908
3933
3910
3911
3920
3915
3901
3937
3922
3908
3928
3912
3935
3911
3932
3925
3912
3921
3934
3923
3918
3915
3908
3912
3908
3950
3919
3910
3928
3914
3911
3908
3912
3907
3919
3951
3930
3910
3911
3916
3909
3907
3913
3908
3914
3922
3911
3907
3913
3918
3927
3910
3913
3903
3909
3905
3932
3911
3906
3908
3913
3909
3921
3914
3907
3908
3908
3914
3931
3908
3903
3906
3922
3909
3938
3915
3908
3909
3911
3923
3907
3918
3933
3910
3913
3931
3908
3912
3915
3911
3912
3916
3909
3917
3914
3918
3905
3911
3916
3919
3912
3908
3913
3908
3925
3910
3907
3912
3920
3912
3935
3910
3921
3935
3926
3909
3908
3910
3909
3907
3913
3911
3930
3926
3908
3908
3908
3910
3913
3911
3915
3912
3912
3928
3915
3906
3931
3920
3908
3908
3930
3910
3913
3908
3912
3913
3912
3926
3926
3918
3914
3914
3917
3917
3927
3913
3907
3911
3913
3909
3912
3919
3929
3906
3908
3911
3912
3914
3907
3905
3916
3896
3906
3906
3922
3909
3904
3917
3906
3910
3940
3913
3909
3907
3904
3908
3910
3921
3912
3908
3915
3935
3892
3915
3911
3913
3908
3905
3902
3908
3903
3909
3909
3912
3906
3924
3904
3924
3914
3907
3937
3913
3912
3903
3936
3916
3913
3905
3925
3914
3911
3911
3914
3899
3900
3907
3910
3922
3898
3922
3902
3913
3913
3924
3917
3913
3914
3905
3920
3914
3909
3932
3910
3921
3910
3907
3914
3915
3916
3918
3908
3921
3915
3906
3907
3908
3919
3911
3903
3931
3910
3908
3909